,M,N,K,G,E,L,V,D,A,V.1,A.1,E.1,K.1,A.2,S,V.2,T,K.2,K.3,Q,A.3,D.1,A.4,V.3,L.1,T.1,A.5,A.6,L.2,E.2,T.2,I,I.1,E.3,A.7,V.4,S.1,S.2,G.1,D.2,K.4,V.5,T.3,L.3,V.6,G.2,F,G.3,S.3,F.1,E.4,S.4,R,E.5,R.1,K.5,A.8,R.2,E.6,G.4,R.3,N.1,P,K.6,T.4,N.2,E.7,K.7,M.1,E.8,I.2,P.1,A.9,T.5,R.4,V.7,P.2,A.10,F.2,S.5,A.11,G.5,K.8,L.4,F.3,R.5,E.9,K.9,V.8,A.12,P.3,P.4,K.10,A.13
ASA,0.34979423868312753,0.45113168724279834,0.3369341563786008,0.19598765432098766,0.5277777777777778,0.07561728395061729,0.07304526748971193,0.4130658436213992,0.2103909465020576,0.03652263374485597,0.10751028806584362,0.690329218106996,0.5596707818930041,0.12551440329218105,0.4747942386831276,0.11111111111111109,0.3626543209876543,0.5036008230452675,0.7134773662551441,0.3724279835390947,0.02211934156378601,0.3292181069958847,0.28497942386831276,0.051440329218107,0.020061728395061727,0.30864197530864196,0.14969135802469133,0.00874485596707819,0.07047325102880658,0.51440329218107,0.12551440329218105,0.014403292181069957,0.2170781893004115,0.529835390946502,0.07613168724279835,0.06584362139917696,0.3688271604938272,0.39197530864197533,0.2710905349794238,0.33641975308641975,0.5776748971193416,0.05401234567901234,0.33899176954732513,0.06635802469135803,0.4156378600823046,0.22119341563786007,0.08847736625514403,0.07973251028806584,0.24639917695473249,0.10648148148148147,0.5092592592592592,0.2103909465020576,0.5380658436213992,0.6604938271604939,0.3698559670781893,0.7371399176954733,0.2808641975308642,0.4176954732510288,0.602366255144033,0.06893004115226338,0.5246913580246914,0.11265432098765431,0.3281893004115226,0.6532921810699588,0.3580246913580247,0.595164609053498,0.5318930041152263,0.6522633744855968,0.19084362139917696,0.6332304526748972,0.0787037037037037,0.39969135802469136,0.24639917695473249,0.28497942386831276,0.6795267489711934,0.2865226337448559,0.20833333333333331,0.23816872427983538,0.1882716049382716,0.2664609053497942,0.12088477366255143,0.08281893004115225,0.6548353909465021,0.425925925925926,0.09722222222222221,0.4866255144032922,0.6728395061728395,0.5097736625514404,0.13631687242798354,0.26800411522633744,0.4501028806584362,0.4809670781893004,0.7191358024691359,0.5020576131687243
HSE_alpha_up,0.44295302013422816,0.1342281879194631,0.6107382550335572,0.2046979865771812,0.11409395973154361,0.6476510067114094,0.7248322147651007,0.16442953020134227,0.19127516778523487,0.7114093959731544,0.5536912751677853,0.043624161073825496,0.1610738255033557,0.5436241610738256,0.043624161073825496,0.6375838926174496,0.1040268456375839,0.4630872483221476,0.046979865771812075,0.2583892617449664,0.8154362416107382,0.3758389261744966,0.13087248322147652,0.667785234899329,0.8590604026845637,0.27852348993288584,0.2986577181208054,0.8355704697986578,0.7416107382550335,0.1342281879194631,0.436241610738255,0.8590604026845637,0.5134228187919463,0.09395973154362416,0.44295302013422816,0.7046979865771812,0.1442953020134228,0.0738255033557047,0.10738255033557047,0.2751677852348993,0.19798657718120802,0.7852348993288591,0.2046979865771812,0.7718120805369127,0.22483221476510065,0.15100671140939598,0.7046979865771812,0.3221476510067114,0.27852348993288584,0.7583892617449665,0.14765100671140938,0.5671140939597316,0.19127516778523487,0.1711409395973154,0.4161073825503356,0.0738255033557047,0.40268456375838924,0.4228187919463087,0.16442953020134227,0.5167785234899329,0.28187919463087246,0.651006711409396,0.3187919463087248,0.09395973154362416,0.14765100671140938,0.1174496644295302,0.1040268456375839,0.22147651006711408,0.5536912751677853,0.12080536912751678,0.7416107382550335,0.13087248322147652,0.49664429530201337,0.28187919463087246,0.24832214765100669,0.37248322147651003,0.49664429530201337,0.36912751677852346,0.6375838926174496,0.25167785234899326,0.6577181208053692,0.44630872483221473,0.17449664429530198,0.15100671140939598,0.6711409395973155,0.43288590604026844,0.053691275167785234,0.2315436241610738,0.6208053691275167,0.32885906040268453,0.16778523489932887,0.19798657718120802,0.17449664429530198,0.08389261744966443
HSE_alpha_down,0.264808362369338,0.6480836236933799,0.35540069686411146,0.5644599303135889,0.613240418118467,0.4773519163763066,0.5191637630662022,0.686411149825784,0.6550522648083624,0.4634146341463415,0.45644599303135897,0.6027874564459931,0.5017421602787457,0.2857142857142857,0.5958188153310106,0.2299651567944251,0.710801393728223,0.34843205574912894,0.6097560975609756,0.5470383275261324,0.421602787456446,0.662020905923345,0.7630662020905924,0.6167247386759582,0.6515679442508711,0.7665505226480837,0.7526132404181185,0.6306620209059234,0.6655052264808363,0.7979094076655053,0.6585365853658538,0.5749128919860628,0.6445993031358885,0.7386759581881533,0.48083623693379796,0.35888501742160284,0.45644599303135897,0.421602787456446,0.4250871080139373,0.37979094076655046,0.6480836236933799,0.36585365853658536,0.7839721254355401,0.37630662020905925,0.686411149825784,0.5993031358885017,0.40069686411149824,0.6341463414634146,0.7247386759581882,0.39024390243902435,0.770034843205575,0.35191637630662026,0.5087108013937283,0.4355400696864112,0.3170731707317074,0.5017421602787457,0.38675958188153314,0.4076655052264808,0.5888501742160279,0.48432055749128927,0.6794425087108014,0.39024390243902435,0.4076655052264808,0.41114982578397213,0.2787456445993031,0.33797909407665505,0.3832752613240418,0.4041811846689896,0.35888501742160284,0.6759581881533102,0.26132404181184665,0.6341463414634146,0.41114982578397213,0.47038327526132406,0.48083623693379796,0.48083623693379796,0.4390243902439025,0.5679442508710801,0.4320557491289199,0.7351916376306621,0.4425087108013937,0.48432055749128927,0.49128919860627185,0.5261324041811847,0.33449477351916385,0.4738675958188154,0.5853658536585367,0.48083623693379796,0.3066202090592335,0.37282229965156793,0.36585365853658536,0.30313588850174217,0.25435540069686413,0.14634146341463417
P(C),0.991,0.981,0.038,0.019,0.004,0.002,0.001,0.002,0.002,0.001,0.002,0.006,0.021,0.2,0.998,0.9940000000000001,0.99,0.054000000000000006,0.034,0.013000000000000001,0.003,0.003,0.003,0.002,0.001,0.002,0.002,0.001,0.001,0.002,0.002,0.001,0.001,0.002,0.004,0.012,0.10099999999999999,0.762,0.9990000000000001,0.997,0.42700000000000005,0.077,0.037000000000000005,0.14300000000000002,0.518,0.8740000000000001,0.836,0.428,0.221,0.075,0.079,0.23399999999999999,0.26,0.34,0.544,0.807,0.8640000000000001,0.647,0.311,0.155,0.071,0.98,0.997,0.9990000000000001,0.997,0.998,0.941,0.17,0.188,0.152,0.43,0.797,0.909,0.6779999999999999,0.7240000000000001,0.737,0.628,0.62,0.48,0.511,0.7090000000000001,0.925,0.053,0.028999999999999998,0.013000000000000001,0.024,0.066,0.175,0.436,0.978,0.985,0.948,0.9079999999999999,0.99
P(H),0.0,0.003,0.9620000000000001,0.981,0.996,0.998,0.9990000000000001,0.998,0.998,0.9990000000000001,0.998,0.9940000000000001,0.9790000000000001,0.8,0.001,0.0,0.001,0.946,0.965,0.987,0.997,0.997,0.997,0.998,0.9990000000000001,0.998,0.998,0.9990000000000001,0.9990000000000001,0.998,0.998,0.9990000000000001,0.9990000000000001,0.998,0.996,0.988,0.899,0.23600000000000002,0.001,0.001,0.002,0.0,0.0,0.0,0.006999999999999999,0.006,0.009000000000000001,0.005,0.005,0.001,0.002,0.011000000000000001,0.011000000000000001,0.019,0.022000000000000002,0.025,0.027999999999999997,0.017,0.005,0.001,0.0,0.0,0.002,0.001,0.002,0.0,0.0,0.001,0.001,0.002,0.002,0.006999999999999999,0.02,0.028999999999999998,0.025,0.013999999999999999,0.023,0.043,0.017,0.008,0.015,0.05,0.9470000000000001,0.971,0.987,0.976,0.934,0.825,0.555,0.011000000000000001,0.012,0.047,0.07400000000000001,0.009000000000000001
P(E),0.009000000000000001,0.016,0.0,0.0,0.0,0.0,0.0,0.0,0.0,0.0,0.0,0.0,0.0,0.0,0.001,0.006,0.009000000000000001,0.0,0.0,0.0,0.0,0.0,0.0,0.0,0.0,0.0,0.0,0.0,0.0,0.0,0.0,0.0,0.0,0.0,0.0,0.0,0.0,0.002,0.0,0.003,0.5710000000000001,0.9229999999999999,0.963,0.857,0.47600000000000003,0.12,0.155,0.568,0.774,0.9229999999999999,0.919,0.7559999999999999,0.7290000000000001,0.6409999999999999,0.434,0.16699999999999998,0.10800000000000001,0.336,0.684,0.845,0.929,0.02,0.0,0.0,0.001,0.001,0.059000000000000004,0.8290000000000001,0.81,0.846,0.568,0.196,0.071,0.293,0.251,0.249,0.349,0.337,0.503,0.48100000000000004,0.276,0.025,0.0,0.0,0.0,0.0,0.0,0.0,0.009000000000000001,0.011000000000000001,0.002,0.005,0.018000000000000002,0.001
cosPhi,0.2598878855668346,0.4330068052544092,0.7439302010962144,0.7316483703804857,0.7001748211620578,0.7065525295096841,0.7293251265242104,0.7184012268278577,0.7057574926890575,0.7017729554939025,0.7207532626222336,0.702571101923285,0.6594798975507479,0.4572914733825268,0.7121000344194391,0.2357804302095106,0.6116252280203772,0.7575194296794486,0.7238798849078627,0.6929533150467896,0.7254391137080339,0.7285493116297668,0.7105182273212602,0.7009741944291051,0.7199699199612198,0.7207532626222336,0.7081407131465551,0.7105182273212602,0.723099246354402,0.71682987254447,0.7017729554939025,0.7073469371354844,0.7285493116297668,0.7105182273212602,0.702571101923285,0.7065525295096841,0.6889206811518128,0.5148331446347209,0.544447216130185,0.5618008324982731,0.3722769264987887,0.21679645019402008,0.3038311429160397,0.3680632740662394,0.5331370006705254,0.5557345509917169,0.530524316258609,0.2139266275626895,0.2096480799133787,0.14892293878161184,0.19769998213967221,0.5287820573173527,0.1602788304444424,0.5513963466747162,0.19423601420202058,0.619266910443137,0.6369798179783569,0.30704668495321047,0.3038311429160397,0.01021162921016858,0.2894817726787397,0.601393802109809,0.6619589557766082,0.6561676971130607,0.35047937613908114,0.6873035819875529,0.5113436840638051,0.48080606622221456,0.1873781956820314,0.45555278386981496,0.3094645216228076,0.6864941753347048,0.6478542502168672,0.19148159252933877,0.4694756837413911,0.31350582466529503,0.6553384514092971,0.48342238555659256,0.2139266275626895,0.24999961922774205,0.6141756089546808,0.5539997600993285,0.7152558762575125,0.6969712547997766,0.695365861803785,0.7285493116297668,0.6913420076130142,0.6285665923954167,0.5017453283658984,0.48952877410973655,0.6378188878186164,0.6486876635030975,0.5392296076140165,0.5261680179776325
cosPsi,0.07459444528797438,0.05175678480827983,0.9065503805235138,0.883022221559489,0.8918467286629199,0.8680485435598672,0.8715724127386971,0.883022221559489,0.8784975278258782,0.8668649322514382,0.879067168098826,0.9019284303086086,0.9183821567294808,0.9966863828001982,0.9312568346036287,0.05770951239245803,0.038060233744356575,0.895611766483745,0.8934675109806687,0.892928446587701,0.8656768508095852,0.8779267345838198,0.882460700459216,0.8668649322514382,0.8644843137107058,0.879067168098826,0.8750555348152298,0.8590631488815944,0.8709879204878082,0.882460700459216,0.8733190911426957,0.863287335485488,0.8733190911426957,0.882460700459216,0.8715724127386971,0.879067168098826,0.9212261985035738,0.9992203820909904,0.9945079316809584,0.08892797948463121,0.14215363314813223,0.11641742409235029,0.17262959314133014,0.23061460749656842,0.19839600612735875,0.9999078560608221,0.9806308479691594,0.006155829702431226,0.08066471602728803,0.07971669825215788,0.11866583515215595,0.1551902281321652,0.07877380149642615,0.1686899758921312,0.05331430583608121,0.07505365350656812,0.12207326541618024,0.10120803558738567,0.11697777844051105,0.003019522272410202,0.11753929954078413,0.24849002668488246,0.9520412748303893,0.916942911033584,0.9896114053108829,0.9861849601988383,0.09294224082184044,0.15079235728449697,0.09294224082184044,0.20048820074220713,0.19354647317351187,0.07413653292847616,0.13851642704521577,0.05770951239245803,0.22621838825372492,0.16738482267281962,0.12436793324824447,0.8680485435598672,0.09859126240444271,0.11252775564791012,0.13551568628929417,0.020838712767433376,0.9154922346371641,0.8950775061878452,0.8874722443520897,0.882460700459216,0.9145187862775208,0.942290487607542,0.9847226749475694,0.25835880837249875,0.06874316539637126,0.10279268973229105,0.1680368936738792,0.18533980447508136
cosTheta,0.2986424933656478,0.3721002629632329,0.9067951212820635,0.9163007235516918,0.9067951212820635,0.8820999867462962,0.8991933163261403,0.9086959636080564,0.9067951212820635,0.8839984192262282,0.897293285119701,0.9239074305198399,0.9029938943555391,0.7706896908749192,0.8820999867462962,0.20996804345628117,0.3963955627349857,0.9353203306274092,0.9353203306274092,0.8934937672624473,0.8991933163261403,0.9086959636080564,0.9182022322407357,0.8820999867462962,0.8858970717940766,0.9105969507889622,0.9029938943555391,0.8820999867462962,0.8934937672624473,0.9201038568269497,0.8953934335027106,0.876406067660087,0.9048944296012786,0.9201038568269497,0.8991933163261403,0.8915942921856232,0.9086959636080564,0.8745085733543979,0.8517597156586629,0.4817678887058407,0.4013012036884141,0.2672220120125723,0.398029077611702,0.466409513256217,0.5355411825177796,0.8101796987851669,0.772564934457665,0.19484920253352261,0.2598758038049942,0.19077435527622524,0.28356757817617173,0.46981217379641776,0.2467866418245922,0.5041578922771859,0.26869756827592717,0.5076234547378463,0.5425727292277488,0.3545372219858493,0.35612479445192574,0.10424941604281075,0.3434758065543873,0.5941329213414495,0.876406067660087,0.876406067660087,0.7333111051991328,0.9201038568269497,0.37370767713812203,0.4461203353487896,0.2569521381534629,0.5006978384044709,0.40293980492094694,0.5076234547378463,0.5478596393514604,0.276106675488938,0.5337864863356266,0.3931336541846676,0.5372971602490235,0.6284249613556147,0.2820712812168135,0.32317707623803926,0.5302809599951068,0.3882536688503505,0.8707143375092561,0.8896950140583695,0.8820999867462962,0.9029938943555391,0.9143993365521432,0.8688176075277039,0.7165766438434935,0.5425727292277488,0.525032415602483,0.5851733488656741,0.5513904751724362,0.5620124086898411
cosTau,0.0132105485634198,0.1596395655205411,0.33474280364338854,0.7846397617154222,0.8193839087577989,0.818039110138882,0.8071426000494716,0.8112573183188098,0.8200548497424778,0.8260492019151962,0.8092041976787772,0.8153379037156432,0.8286876228970479,0.8784975278258782,0.2652642186070545,0.12436793324824447,0.3135061087120955,0.3380412909009253,0.7917706056780588,0.820724815784579,0.8064535268264883,0.8036879198616433,0.818039110138882,0.8227288438619753,0.8126213281678527,0.8092041976787772,0.8187119948743449,0.820724815784579,0.8112573183188098,0.8160146513324255,0.8227288438619753,0.820724815784579,0.8085179375703744,0.8247240241650918,0.8253871086329254,0.8213938048432696,0.8057635200929156,0.816690436313775,0.3815809269671907,0.10015767075645471,0.1772711561380248,0.006572141796596376,0.045745911236639014,0.041818635218880185,0.06525253524739044,0.9716113289738004,0.30865828381745514,0.4965093698510191,0.7567706260290851,0.001753570375247815,0.017721290771101017,0.18533980447508136,0.00019494247982282387,0.3022272487185176,3.046171104803541e-06,0.452077123739888,0.3824289434487051,0.04501936456172839,0.08645971286271903,0.08209631931586497,0.41059889244182524,0.24472854104419717,0.04322727117869962,0.820724815784579,0.9258634670715238,0.2560701704306335,0.14215363314813223,0.2167968815375837,0.001979467294615178,0.15141744857271777,0.00935366800387738,0.3413476717974539,0.3388671523847445,4.873799534788059e-05,0.2061073738537635,0.004392229874229103,0.30946481182486296,0.043582911383478584,0.004392229874229103,0.022879835741861587,0.2784644045879102,0.24472854104419717,0.36974774567867585,0.7995117992577929,0.8200548497424778,0.7938926261462366,0.8098895158975701,0.8173652566011338,0.8473291852294986,0.4869115258460635,0.36218132209150045,0.4442655338968372,0.32000159593997446,0.2745612296552845
sinPhi,0.06142691814720558,0.004508400142581803,0.06353896136509518,0.05689821038439263,0.041818635218880185,0.044658169596911546,0.055691383672525574,0.05022111052240985,0.04429836168227741,0.04252016607508757,0.051370815162835815,0.04287302238286822,0.02611579499520711,0.0018273519045468034,0.9527843995055698,0.07551415618542923,0.012619402904389121,0.07141634964894383,0.05292288158031594,0.03873095527187681,0.05370709077393726,0.05529181335435124,0.046477992854267625,0.04216870333021955,0.05098621211969223,0.051370815162835815,0.04538194547646579,0.046477992854267625,0.052532819198987446,0.04946148933895422,0.04252016607508757,0.04501936456172839,0.05529181335435124,0.046477992854267625,0.04287302238286822,0.044658169596911546,0.03706470759500258,0.00022006994030798754,0.9980205327053848,0.0038340310572556047,0.01658830569777031,0.0879369056889921,0.040089251339131216,0.017721290771101017,0.0010992658539749622,0.9968839595802982,0.0009326007890665955,0.9100759379368859,0.09294224082184038,0.14398697700450175,0.10173504098790181,0.0008290916929857839,0.13313506774856182,0.002648591441412884,0.10438823351625492,0.014432860045182017,0.01912934522539439,0.03873095527187681,0.040089251339131216,0.39946103942701766,0.046477992854267514,0.010388594689117181,0.026957320586227407,0.02501397423767382,0.022879835741861587,0.9635919272833937,0.00012869533865078608,0.0003685417946894254,0.10978479633083504,0.001979467294615178,0.03772698319384338,0.03608187305054,0.022360818938828186,0.10653248901933132,0.0009326007890664845,0.03608187305054,0.02474213418610821,0.00027489202912139854,0.08992406206311404,0.06698729810778065,0.01321054856341991,0.0029245180138423033,0.0487073578250698,0.04043233037238281,0.03974757327377981,0.05529181335435124,0.038060233744356575,0.016811960339335408,3.046171104803541e-06,0.00010965826257719469,0.01936915203084061,0.022619600248601213,0.0015413331334360736,0.0006852326227130834
sinPsi,0.7627358255361338,0.7215355954120901,0.2089385149213553,0.17860619515673037,0.18942610986084485,0.16156201515866964,0.16543469682057088,0.17860619515673037,0.1732896980049473,0.16027934786924175,0.1739507980848039,0.20258860662432937,0.22621838825372487,0.4425314247535667,0.7530168820605818,0.7331933201699457,0.6913417161825449,0.19423647990708443,0.19148206242962568,0.1907958023212229,0.15900081996875076,0.17262959314133014,0.17793818511930676,0.16027934786924175,0.15772644703565564,0.1739507980848039,0.1693440673381741,0.1520436017038428,0.1647866905206004,0.17793818511930676,0.16738482267281957,0.1564562445977885,0.16738482267281957,0.17793818511930676,0.16543469682057088,0.1739507980848039,0.23061460749656854,0.4720892475034181,0.5739047055648053,0.7846397617154219,0.8492076427155031,0.820724815784579,0.8779267345838198,0.9212261985035737,0.8987919644126142,0.49040127880015516,0.3621813220915004,0.4217827674798845,0.7723195175075137,0.77085410514137,0.8233948897552299,0.8620859307187339,0.7693853925034315,0.874477860394501,0.7246594993079483,0.7634778977483389,0.8273704068586699,0.8016039938726411,0.8213938048432697,0.5548671555455228,0.8220618148806933,0.9321374009768524,0.2863210683064038,0.22403150734397093,0.3986063523217438,0.6167226819279527,0.7903514778554699,0.8578463668518679,0.7903514778554699,0.9003656854743667,0.8950775061878453,0.7619929529850396,0.845441205538429,0.7331933201699457,0.9183821567294809,0.8733190911426957,0.8300008339804684,0.8384379848413304,0.7981124374828079,0.8160146513324253,0.8422735529643443,0.6428441837024867,0.22185219224984765,0.1935464731735118,0.18398534866757454,0.17793818511930676,0.22040354826462655,0.2668066798300544,0.37734630706059874,0.9377322635000089,0.7530168820605818,0.8036879198616436,0.8738990452492659,0.8885729807284855
sinTheta,0.6105709469761041,0.7005019008511835,0.9980194752855863,0.9987078942236904,0.9980194752855863,0.995544775200488,0.9973633566760239,0.9981688698633735,0.9980194752855863,0.9957702364436731,0.997184694447344,0.9991532132013454,0.9977031230679085,0.9719262001172992,0.995544775200488,0.47856170633845707,0.726930529606151,0.9996454478464316,0.9996454478464316,0.9968098146456895,0.9973633566760239,0.9981688698633735,0.9988280097736093,0.995544775200488,0.9959898500267563,0.9983124094744054,0.9977031230679085,0.995544775200488,0.9968098146456895,0.9989422683489186,0.9970001802498786,0.9948333124673167,0.9978642261961264,0.9989422683489186,0.9973633566760239,0.9966135982146627,0.9981688698633735,0.9945844676297642,0.9911427284415999,0.8082229032911865,0.7320810534700238,0.5670148415929561,0.7286524066102433,0.7948568064395948,0.8509707342238175,0.9826525434666449,0.972494849534712,0.45302016367084685,0.5563469225354212,0.44596580916520334,0.5900834743575681,0.7978638166959243,0.5368611480492856,0.8267741448862137,0.5691348265421523,0.8295484252775139,0.8561106913330631,0.6804122981402462,0.6822631728748791,0.27638051847196715,0.6673196559004929,0.890765854606532,0.9948333124673167,0.9948333124673167,0.959342888463864,0.9989422683489186,0.702298649483042,0.7763762514474144,0.5520481456176412,0.8239785330363634,0.7337878128814597,0.8295484252775139,0.8599087394773992,0.5796664017967967,0.8496722186802605,0.7234716946752284,0.8522638431916687,0.9109558646377739,0.588009258265398,0.6423761352633217,0.8470589837044994,0.7182458191082508,0.9940692465863533,0.9964115315545089,0.995544775200488,0.9977031230679085,0.9985819220650549,0.993802871949948,0.952930815583628,0.8561106913330631,0.8430986813452596,0.8851200993198904,0.8624136089890484,0.8697975024811923
sinTau,0.61417514123297,0.13372789090254125,0.028098784063471296,0.9110719527928051,0.8846996897172623,0.8858122047349032,0.8945419621064773,0.891303995649487,0.8841416735656229,0.8790670760031613,0.8929283650480087,0.8880231182580226,0.8767816023146667,0.8267101700273338,0.058525486596875835,0.8300007045186343,0.03608113898453547,0.026956579571475275,0.9060416918925778,0.8835824872506662,0.8950774262847562,0.8972072319865594,0.8858122047349032,0.8818979243774699,0.8902151200632189,0.8929283650480087,0.8852565340057703,0.8835824872506662,0.891303995649487,0.8874721586572597,0.8818979243774699,0.8835824872506662,0.8934674298514975,0.8802028915693234,0.8796355620047023,0.8830221324757711,0.8956116869875186,0.8869200187479446,0.014224689290538394,0.8002099605141647,0.1181013140785937,0.4191976471421462,0.29106592321542546,0.2998249505078955,0.25302849785669973,0.6660803116475315,0.9619397372711032,1.1423112645612977e-05,0.07096683963914674,0.45816066569969693,0.36806299376988466,0.11142634258414919,0.4860387892344701,0.04077607883785212,0.49825429219127787,0.002301141025473024,0.014018748843255635,0.29265283999635017,0.21895771627637267,0.7745112372795968,0.008056725625418837,0.07007315602195345,0.29663114281621966,0.8835824872506662,0.7619927717322161,0.06353824820886982,0.8492075278804978,0.08793621111287322,0.4555524369463548,0.14154404242332747,0.4037385626581101,0.025837430529867745,0.02667462871268187,0.5069807147140114,0.09549081398956503,0.4338713737399447,0.0377262503806625,0.29583423355654637,0.4338713737399447,0.3504791092336374,0.05175606267940919,0.07007315602195345,0.01726293616350554,0.9003656095984587,0.8841416735656229,0.9045084244664988,0.8923881033154164,0.886366700211991,0.8596697933017889,0.9998286623572975,0.019368405237364727,0.0031152812487673437,0.03352249657273376,0.05370637013031046
hhm0,0.5276303193803846,0.5377251762248716,0.5102253937864416,0.28822556783569747,0.39047950570011314,0.637281350622226,0.19093203376555565,0.2776085632233922,0.2644678443999652,0.42102515011748326,0.10721434165868941,0.3098947002001567,0.33930902445392047,0.3468801670872857,0.43651553389609266,0.4268558001914542,0.4936036898442259,0.3982246975894178,0.23731616047341397,0.348011487250892,0.1589939953006701,0.33817770429031413,0.2132103385258028,0.24819423896962842,0.4754155425985554,0.37176921068662433,0.15986424158036724,0.39570098337829607,0.3703768166391088,0.33591506396310156,0.31050387259594464,0.41075624401705685,0.2634235488643286,0.3411365416412845,0.1995474719345575,0.4959533547994082,0.22234792446262291,0.30876338003655035,0.5769732834392133,0.5447741710904186,0.41101731790096596,0.5234531372378384,0.40701418501435904,0.7877469323818641,0.40257592898790356,0.6446784439996519,0.814985640936385,0.4812461926725263,0.4373857801757898,0.618658080236707,0.4709772865720999,0.37394482638586723,0.38778174223305195,0.3103298233400052,0.48229048820816295,0.24967365764511357,0.15821077364894265,0.45235401618658083,0.3987468453572361,0.25228439648420503,0.4478287355321556,0.5994256374553999,0.3768166391088678,0.3340005221477678,0.4325994256374554,0.46497258724218954,0.36611260986859284,0.3363501871029501,0.3941345400748412,0.4546166565137934,0.40945087459751106,0.32355756679140196,0.13976155251936298,0.4448698981811853,0.3673309546601688,0.34131059089722393,0.42224349490905927,0.4174571403707249,0.4851623009311635,0.5605256287529371,0.20076581672613347,0.2821338438778174,0.3502741275781046,0.2689931250543904,0.48881733530589155,0.45931598642415805,0.31877121225306765,0.19362979723261683,0.38769471760508223,0.3215560003480985,0.34775041336698287,0.3034548777303977,0.35044817683404406,0.14515707945348533
hhm1,0.6714343762698091,0.8126777732629014,0.8126777732629014,0.8126777732629014,0.8126777732629014,0.5652986590816741,0.3582283624542869,0.8126777732629014,0.6711093051605039,0.7677366924014628,0.5168630637952052,0.7647297846403901,0.5363673303535149,0.3197887037789517,0.5823648923201951,0.4952458350264121,0.6694026818366517,0.6781796017878912,0.6776919951239334,0.717919544900447,0.42519301097115,0.6668021129622105,0.6148720032507111,0.5109305160503861,0.6723283218203983,0.6137342543681431,0.5045103616416091,0.6111336854937018,0.47801706623323853,0.7203575782202357,0.43713937423811466,0.5505079236082894,0.5735067045916294,0.7087362860625762,0.44372206420154414,0.608370581064608,0.4911824461600976,0.6028443722064202,0.6801300284437221,0.6444534741974807,0.5872409589597725,0.5826899634295003,0.5267777326290126,0.5939049167005283,0.6195855343356359,0.7856156034132467,0.8126777732629014,0.48264932954083706,0.577570093457944,0.754327509142625,0.5927671678179602,0.642259244209671,0.730272247054043,0.6681023973994312,0.5821210889882162,0.4192604632263308,0.799431125558716,0.5481511580658269,0.6572937830150345,0.47484762291751326,0.5631044290938643,0.5849654611946363,0.6156846810239741,0.8126777732629014,0.7315725314912638,0.5698496546119465,0.6674522551808209,0.8126777732629014,0.48817553839902483,0.6818366517675742,0.8126777732629014,0.7106054449410809,0.5659488013002845,0.6746850873628607,0.5318976026005688,0.6124339699309225,0.6497358797236896,0.4900446972775295,0.6695652173913044,0.7648923201950427,0.4902885006095083,0.513449817147501,0.7709874034945144,0.8126777732629014,0.7294595692807802,0.6968711905729379,0.8126777732629014,0.6055262088581878,0.4200731409995937,0.7586347013409184,0.8126777732629014,0.547338480292564,0.8126777732629014,0.8126777732629014
hhm2,0.8099789405475458,0.2850315891786814,0.4891462821966629,0.28292564393325775,0.15859387655920948,0.8099789405475458,0.671958529078244,0.2503644905232464,0.3785031589178682,0.8099789405475458,0.653815000809979,0.2851125870727362,0.40239753766402075,0.588125708731573,0.28268265025109346,0.6519520492467196,0.3300664182731249,0.4245909606350235,0.39211080511906693,0.13405151466061885,0.5937955613154058,0.3988336303256116,0.3668394621739835,0.5929045844808035,0.8099789405475458,0.15332901344565042,0.38563097359468657,0.8099789405475458,0.5504616879961122,0.16790863437550627,0.546897780657703,0.8099789405475458,0.6341325125546736,0.238943787461526,0.45075328041470925,0.6257087315729791,0.4303418111129111,0.277903774501863,0.28438360602624335,0.2781467681840272,0.35809168961607,0.8099789405475458,0.4103353312813868,0.8099789405475458,0.3162157783897619,0.26640207354608786,0.710918516118581,0.7592742588692695,0.592742588692694,0.6918840110157136,0.4403855499757006,0.738295804309088,0.535639073384092,0.3352502834926292,0.5094767536044064,0.4036125060748421,0.4045844808034991,0.6777903774501863,0.44565041308925973,0.4131702575733031,0.4437874615260004,0.25862627571683133,0.50494087153734,0.38741292726389115,0.3336303256115341,0.4211080511906691,0.3815000809978941,0.357767698039851,0.5668232625951726,0.318483719423295,0.5015389599870403,0.4316377774177872,0.3631135590474648,0.5797019277498785,0.3746962578972947,0.46889680868297423,0.8099789405475458,0.5599384416005184,0.7132674550461688,0.598007451806253,0.7002267941033534,0.3240725741130731,0.4168961606998219,0.331362384578001,0.7281710675522437,0.5407419407095415,0.21958529078243968,0.482828446460392,0.5476267617041958,0.3578486959339058,0.3132998542037907,0.38312003887898916,0.2973432690750041,0.8099789405475458
hhm3,0.8202772537117545,0.513821671725043,0.5076695923222049,0.2729882700352719,0.13083422196702485,0.701747190550406,0.4435239110819456,0.2064637847592486,0.2252481338692478,0.6173406611434665,0.39315888770404395,0.1693872528914773,0.23845459765400706,0.4879009105077516,0.3212205725535231,0.5324419653842999,0.4381921089328193,0.31088507915675495,0.31129521778361086,0.19317529324911817,0.8202772537117545,0.20113198261012222,0.2583053071938315,0.6551554425395784,0.7184808465261258,0.1964564022639652,0.2978426708227381,0.6241489623492741,0.3256500697235666,0.17816421950619307,0.25305553277007625,0.8202772537117545,0.31875974079238784,0.14945451562628168,0.22557624477073251,0.6079895004511524,0.3026002788942663,0.21999835944549256,0.3649413501763596,0.17816421950619307,0.23935690263308998,0.8202772537117545,0.23099007464523008,0.6871462554343367,0.4057091296858338,0.31236157821343613,0.8202772537117545,0.7226642605200556,0.6710688212615864,0.8202772537117545,0.255270281355098,0.6804199819539004,0.3819210893281929,0.2810269871216471,0.45943728980395376,0.3578869657944385,0.20342875892051512,0.4412271347715528,0.29882700352719216,0.41661881716020016,0.38799114100565985,0.3973423016979739,0.3836436715609876,0.3602657698302026,0.3877450578295464,0.38561233696989583,0.11204987285702567,0.24460667705684522,0.4103847100319908,0.2934131736526946,0.5525387581002378,0.3222049052579772,0.23615782134361413,0.5069313427938643,0.4741202526453941,0.5130834221967024,0.8202772537117545,0.5814125174308916,0.8202772537117545,0.49511935034041504,0.6153719957345583,0.4267082273808547,0.3842178656385858,0.23566565499138709,0.6996964974161266,0.40767779509474206,0.18226560577475187,0.30653760971208266,0.673201542121237,0.33327864818308583,0.251989172340251,0.3315560659502912,0.31851365761627426,0.30637355426134033
hhm4,0.5104057854560065,0.8035355564483729,0.38063479308959425,0.8035355564483729,0.5692245881880273,0.2584170349537967,0.5367617517075131,0.7602249899558057,0.4865407794294898,0.4950582563278425,0.5407794294897549,0.5390116512655685,0.5484933708316593,0.3919646444355163,0.5745279228605866,0.30678987545198877,0.6744877460827642,0.5939734833266372,0.5959019686621133,0.5493772599437525,0.6552832462836481,0.6502209722780233,0.583206106870229,0.287424668541583,0.28766572920851746,0.5669746886299719,0.521976697468863,0.16432302129369225,0.20795500200883887,0.5300120530333468,0.43206106870229005,0.41205303334672566,0.49497790277219766,0.5711530735235034,0.5431900361591,0.4705504218561672,0.5908396946564886,0.8035355564483729,0.8035355564483729,0.5527521092808356,0.6066693451185216,0.32768179991964647,0.48075532342306154,0.2826838087585376,0.4811570912012857,0.7239855363599839,0.08718360787464846,0.3933306548814785,0.5722780233025312,0.03776617115307353,0.4260345520289273,0.5136199276818,0.5380474085978305,0.3561269586179188,0.4698272398553636,0.6380072318200081,0.5914825231016473,0.572840498192045,0.4707111289674568,0.46492567296102855,0.39405383688228207,0.58272398553636,0.4182402571313781,0.37685817597428684,0.4994777018883086,0.42788268380875855,0.5028525512253917,0.538770590598634,0.34503816793893133,0.48228204098031335,0.38007231820008036,0.8035355564483729,0.5195660907995179,0.43937324226597024,0.4502209722780233,0.4653274407392527,0.5232623543591804,0.5063881076737645,0.02603455202892728,0.6605865809562074,0.38063479308959425,0.605946163117718,0.6186420249096023,0.5320208919244677,0.21390116512655685,0.5513057452792287,0.6226597026918441,0.4307754118119727,0.37147448774608277,0.5574929690638811,0.8035355564483729,0.6272398553635998,0.3042989152269988,0.8035355564483729
hhm5,0.8294625082946251,0.4167219641672196,0.6574319840743198,0.442435301924353,0.49294956867949574,0.6656436629064366,0.5513437292634372,0.5003317850033178,0.5573988055739881,0.8294625082946251,0.4837425348374254,0.4080126078301261,0.4148971466489714,0.40444591904445915,0.1325481088254811,0.569591904445919,0.45744857332448574,0.5071333775713338,0.2515759787657598,0.5522561380225613,0.4863968148639682,0.369442601194426,0.32042136695421364,0.5388188453881884,0.677173191771732,0.46308891838088917,0.33775713337757135,0.751990710019907,0.38064034505640343,0.386114797611148,0.4072660915726609,0.7297611147976112,0.36960849369608495,0.4414399469143995,0.3531021897810219,0.6386861313868614,0.39789316522893164,0.4114963503649635,0.05748175182481752,0.22826808228268083,0.42584605175846046,0.7239548772395488,0.5813702720637027,0.7412076974120769,0.24908759124087593,0.07937956204379562,0.6978268082282681,0.01891174518911745,0.5363304578633046,0.8294625082946251,0.5048108825481088,0.6006967485069674,0.4144824153948241,0.5529197080291971,0.3689449236894492,0.36778367617783675,0.33170205706702055,0.33153616456536167,0.40544127405441277,0.13395819508958196,0.5614631718646317,0.42086927670869273,0.4410252156602521,0.4062707365627074,0.47229595222295956,0.08419044459190445,0.41016921035169207,0.5481088254810883,0.49742866622428666,0.5267916390179164,0.626078301260783,0.4083443928334439,0.35973788984737887,0.35525879230258794,0.5093729263437292,0.36819840743198406,0.6685467816854678,0.443513603185136,0.8294625082946251,0.6860484406104843,0.5693430656934306,0.16166224286662242,0.4691439946914399,0.366207697412077,0.8294625082946251,0.7336595885865959,0.41025215660252157,0.5466157929661579,0.8294625082946251,0.41025215660252157,0.2684970139349701,0.22577969475779694,0.42584605175846046,0.8294625082946251
hhm6,0.8355614973262031,0.5833054812834224,0.4880514705882352,0.5295788770053476,0.5840574866310161,0.8355614973262031,0.7220086898395721,0.5077707219251336,0.39455213903743314,0.8355614973262031,0.43290441176470584,0.44284759358288767,0.40315842245989303,0.43624665775401067,0.486129679144385,0.5863135026737968,0.4825367647058823,0.4456049465240641,0.5223930481283422,0.6599264705882352,0.8355614973262031,0.4459391711229946,0.44735962566844917,0.6393716577540106,0.716744652406417,0.6227439839572192,0.5266544117647058,0.8355614973262031,0.6116310160427807,0.41719585561497324,0.48178475935828874,0.8355614973262031,0.5527239304812833,0.46256684491978606,0.3404077540106952,0.7337901069518716,0.49874665775401067,0.5723596256684492,0.4282252673796791,0.39781082887700536,0.514956550802139,0.8355614973262031,0.34867981283422456,0.8355614973262031,0.40207219251336895,0.5230614973262032,0.7580213903743315,0.700701871657754,0.5793783422459893,0.8029745989304812,0.4373328877005347,0.5849766042780747,0.4840407754010695,0.3346423796791444,0.4785260695187165,0.5958389037433154,0.7571022727272727,0.4092580213903743,0.5128676470588235,0.6455548128342246,0.4810327540106951,0.3480113636363636,0.6832386363636364,0.4322359625668449,0.5645889037433155,0.5211397058823529,0.6942680481283422,0.6172292780748663,0.47292780748663105,0.4129344919786096,0.5049298128342246,0.51913435828877,0.5879846256684491,0.29019050802139035,0.46808155080213903,0.4582219251336898,0.8355614973262031,0.3812667112299465,0.7013703208556149,0.4967413101604278,0.7525066844919786,0.6442179144385025,0.6041945187165775,0.5060995989304813,0.8355614973262031,0.5738636363636362,0.571273395721925,0.5087733957219251,0.6498161764705881,0.5778743315508021,0.48562834224598933,0.633773395721925,0.8355614973262031,0.8355614973262031
hhm7,0.2557026639017387,0.42877651938108147,0.3905726591162865,0.4481576008932844,0.5583825171478705,0.1776200350933163,0.1363853884192056,0.5106077524326048,0.3568352209283777,0.11325570266390173,0.48644121869516666,0.5960280746530546,0.4375498484606795,0.37286648588291593,0.6789759132237996,0.20697080874142607,0.6831233051523369,0.37230818312330516,0.4657840165895677,0.41410113255702663,0.22898388897750838,0.441776997926304,0.4781464348380922,0.19787844951347902,0.18774924230339768,0.43938427181368633,0.41162864890732176,0.24948157600893286,0.25442654330834263,0.514117084064444,0.25809539001435633,0.10543946402935078,0.29271016111022496,0.6395756899026958,0.4122667092040198,0.2714148987079279,0.35077364810974637,0.5390014356356675,0.6673313128090604,0.49736800127612063,0.3205455415536768,0.1991545701068751,0.4220768862657521,0.13056308821183601,0.45039081193172753,0.7975753708725475,0.25602169405008773,0.6290476950071782,0.3618599457648748,0.3500558302759611,0.4042111979582071,0.24030945924389854,0.3816398149625139,0.35077364810974637,0.4047695007178178,0.7105598979103526,0.5421119795820705,0.5756101451587174,0.29725634072419843,0.3171159674589249,0.3257297814643484,0.4657840165895677,0.3720689105120434,0.4229542191737119,0.6135747328122507,0.5183442335300686,0.5284734407401499,0.3422395916414101,0.15728186313606635,0.3297176583187111,0.12194927420641251,0.3717498803636944,0.6745892486840006,0.4194448875418727,0.3772531504227149,0.3313128090604562,0.15935555910033497,0.3554793427978944,0.3984686552879247,0.4251076726750677,0.4222364013399266,0.601770617323337,0.44831711596745893,0.40628489392247563,0.2930291912585739,0.44935396394959326,0.6438825969054076,0.3404849258254905,0.19867602488435157,0.47726910193013244,0.4933801244217579,0.3952783538044345,0.40795980220130795,0.7975753708725475
hhm8,0.5684503713706954,0.31212018906144495,0.08988858879135718,0.19809250506414583,0.34621877110060767,0.7461174881836596,0.6217083051991897,0.22501688048615798,0.26434841323430114,0.8440243079000674,0.3861411208642809,0.22172518568534771,0.2139601620526671,0.47223160027008776,0.35685347738014855,0.4791525995948683,0.35195813639432816,0.16036461850101283,0.19041188386225522,0.3723835246455098,0.8440243079000674,0.20872721134368669,0.2699189736664416,0.5952059419311276,0.7372552329507089,0.34537474679270763,0.40580688723835245,0.8440243079000674,0.4917285617825793,0.3017386900742741,0.40200877785280215,0.7371708305199189,0.25422012153950035,0.28966914247130315,0.41872045914922346,0.6318365968939905,0.23050303848750844,0.22400405131667792,0.3940749493585415,0.2637575962187711,0.23556718433490884,0.7885719108710331,0.23953409858203914,0.8440243079000674,0.3332207967589466,0.3292538825118163,0.6738690074274138,0.8440243079000674,0.2531228899392302,0.5017724510465902,0.24080013504388925,0.3902768399729912,0.1774139095205942,0.24189736664415937,0.22569209993247807,0.16103983794733287,0.35600945307224846,0.22197839297771776,0.2441762322754895,0.42690749493585417,0.2743923024983119,0.38977042538825113,0.39534098582039157,0.17074611748818366,0.33549966239027684,0.23759284267386896,0.22535449020931803,0.24915597569209993,0.41179945982444294,0.2666272788656313,0.42150573936529373,0.29186360567184333,0.34723160027008776,0.15994260634706278,0.18154962862930452,0.21066846725185684,0.6318365968939905,0.1650067521944632,0.6856009453072248,0.1437373396353815,0.6980081026333559,0.5248143146522619,0.10626266036461851,0.24848075624577987,0.6918467251856852,0.0862592842673869,0.21488858879135717,0.24713031735313976,0.5241390952059419,0.20788318703578662,0.2398717083051992,0.275742741390952,0.14204929101958136,0.10086090479405806
hhm9,0.25606282903253647,0.5453525502718564,0.3364977992577889,0.523862949857599,0.5834987485975662,0.07819107620609303,0.3743850867351342,0.5037542073012858,0.33606628117718135,0.16855096228531974,0.5470786225942866,0.44385949771295413,0.4168464658669198,0.2520065590748252,0.6152584793302839,0.13635971347199446,0.5950634331578493,0.3928540605851385,0.5904030378872874,0.41874514542159313,0.39319927504962454,0.3383964788124622,0.3562613273496159,0.30870803486666093,0.12229222404418744,0.5500129455424182,0.33425390523862947,0.14335030637783722,0.19073099162854923,0.5409510658496591,0.28799516699749717,0.20195046172434622,0.34486925002157587,0.467938206610857,0.451195305083283,0.05117804436005868,0.28946232847156295,0.4623284715629584,0.674376456373522,0.665659791145249,0.6185380167429015,0.311901268663157,0.5475964442910157,0.09709156813670493,0.48442219729006647,0.6402865280055234,0.15103132821265208,0.46629843790454817,0.5218779666868042,0.24950375420730128,0.47700008630361607,0.220160524725986,0.5222231811512902,0.28221282471735565,0.46120652455337874,0.5112626219038577,0.537930439285406,0.6059376887891602,0.37921808923793904,0.4853715370674031,0.5339604729438163,0.5258479330283938,0.36704927936480536,0.379045482005696,0.5370674031241909,0.518166911193579,0.6200914818330888,0.4744972814360921,0.3291619918874601,0.325796150858721,0.30568740830240787,0.45663243289893846,0.5727107965823768,0.5423319237076033,0.38871148701130576,0.4851126262190386,0.26719599551221196,0.40519547769051517,0.38439630620523,0.4746698886683352,0.418054716492621,0.4025200655907482,0.5152325882454475,0.4046776559937861,0.05860015534650902,0.31354103736946576,0.5467334081298005,0.3339086907741434,0.1425735738327436,0.42487270216622075,0.4571502545956675,0.30042288771899545,0.3513420212306896,0.37343574695779747
hhm10,0.07440329218106995,0.6992592592592592,0.4544855967078189,0.7043621399176955,0.5330864197530865,0.3448559670781893,0.5994238683127571,0.6094650205761317,0.44469135802469134,0.35547325102880656,0.5590946502057613,0.5328395061728395,0.4639506172839506,0.4361316872427984,0.5909465020576131,0.3430452674897119,0.7718518518518518,0.5294650205761317,0.7953909465020575,0.4668312757201646,0.5325102880658436,0.5041152263374485,0.5015637860082305,0.40172839506172836,0.40098765432098765,0.502633744855967,0.502962962962963,0.340082304526749,0.4181893004115226,0.5962139917695474,0.45423868312757193,0.24115226337448556,0.5132510288065844,0.49991769547325104,0.5150617283950617,0.3754732510288066,0.46806584362139914,0.4422222222222222,0.7088065843621398,0.6436213991769547,0.6883127572016461,0.5976131687242797,0.5097119341563785,0.5240329218106996,0.5697119341563786,0.8230452674897119,0.5325102880658436,0.588559670781893,0.5824691358024691,0.4904526748971193,0.5666666666666667,0.42353909465020567,0.7762139917695473,0.5383539094650206,0.5139094650205761,0.5864197530864197,0.8230452674897119,0.5621399176954731,0.34189300411522633,0.48032921810699586,0.4697119341563786,0.6305349794238683,0.5145679012345679,0.5402469135802469,0.8230452674897119,0.5149794238683127,0.5631275720164609,0.4109465020576132,0.3013168724279835,0.3716872427983539,0.4666666666666667,0.8230452674897119,0.7584362139917695,0.5858436213991769,0.48674897119341565,0.582880658436214,0.48798353909465014,0.6152263374485597,0.7604938271604939,0.6738271604938271,0.4830452674897119,0.5848559670781893,0.5920987654320987,0.5150617283950617,0.38082304526748967,0.4539094650205761,0.7663374485596708,0.351358024691358,0.35786008230452676,0.7544032921810699,0.4963786008230452,0.6310288065843621,0.8230452674897119,0.8230452674897119
hhm11,0.7224698695723956,0.16229156348027077,0.4819217434373452,0.3280501898629684,0.4968631335644708,0.8254911672445104,0.7077761267954433,0.3159980188211986,0.45476308403500076,0.7599471685652963,0.5341753343239227,0.3872379065543999,0.35743767541687305,0.3753508337460789,0.3027901601452864,0.733696549446921,0.34191844147267625,0.4531946508172362,0.40482086841670795,0.5177480600957569,0.751279511309229,0.43041109460128774,0.35281492488030375,0.6354631005448241,0.7246161466072313,0.24748225193990425,0.39375928677563155,0.8254911672445104,0.4588905398712233,0.31929998349017663,0.48522370810632326,0.8254911672445104,0.5174178636288592,0.3370480435859336,0.349017665510979,0.6187056298497606,0.45624896813604093,0.27810797424467554,0.35743767541687305,0.265560508502559,0.3729569093610698,0.6842496285289748,0.3501733531451214,0.6357107478949975,0.3883110450718177,0.26523031203566116,0.6799570744593033,0.7559022618457982,0.3748555390457322,0.8254911672445104,0.47903252435198945,0.5328545484563315,0.4605415222057124,0.4862142975070166,0.5046227505365692,0.3867426118540532,0.5559683011391778,0.4891860657090969,0.3745253425788344,0.49067194981013706,0.4866270430906389,0.07421165593528148,0.5110615816410764,0.38525672775301306,0.311127620934456,0.3553739474987617,0.4002806669968631,0.4782895823014694,0.543916130097408,0.3843486874690441,0.5045402014198448,0.4096087171867261,0.4976886247317153,0.5141158989598811,0.30105662869407296,0.4078751857355126,0.7596169720983985,0.3138517417863629,0.8254911672445104,0.4921578339111771,0.6672445104837378,0.48778273072478123,0.39450222882615155,0.3496780584447746,0.8254911672445104,0.4144791150734687,0.33580980683506684,0.4851411589895988,0.7842991579990093,0.14462605250123822,0.29065543998679216,0.35884101040118865,0.33473666831764903,0.8254911672445104
hhm12,0.6610800744878956,0.6309610557849566,0.6299894745364747,0.4427981539956279,0.5457048012306696,0.8096510404015869,0.7305481337543518,0.6688527244757508,0.8096510404015869,0.8096510404015869,0.630637195368796,0.6435106469111812,0.7546757347583192,0.4948587158934499,0.5973605376082908,0.5888592016840741,0.26637519229212203,0.31454942919601653,0.5088656788923973,0.7856044045016598,0.8096510404015869,0.6241599870455833,0.5925835964699214,0.8096510404015869,0.7495749332037891,0.6604323536555744,0.6194640110112541,0.6292607886001134,0.522953606995385,0.6586511213666909,0.8096510404015869,0.8096510404015869,0.48611448465711277,0.6814832807060157,0.6599465630313335,0.8096510404015869,0.5934742126143632,0.5155857825277306,0.5769573313901708,0.6486924135697514,0.38879442960084204,0.6349283458829245,0.5148570965913691,0.6631042020888996,0.21973929236499065,0.47437454457128975,0.6557363776212451,0.8096510404015869,0.8096510404015869,0.6809974900817747,0.8096510404015869,0.25115375273257223,0.5406039996761395,0.42530969152295356,0.6265079750627479,0.24370496316087764,0.23860416160634765,0.45696704720265563,0.3266941948020403,0.5411707554044206,0.5406849647801797,0.5461096267508704,0.06501497854424743,0.5431948830054246,0.5392275929074568,0.47842279977329766,0.6248077078779046,0.24670067201036353,0.7617196988098129,0.41996599465630313,0.5863492834588292,0.09618654359970852,0.2288883491215286,0.596469921463849,0.42927698162092137,0.8096510404015869,0.21828192049226783,0.8096510404015869,0.7025342077564569,0.8096510404015869,0.08177475508056027,0.5815723423204598,0.30548133754351875,0.433163306614849,0.8096510404015869,0.6607562140717351,0.6548457614768034,0.6886082098615497,0.6567889239737673,0.5516152538256012,0.3296899036515262,0.20297951582867782,0.4256335519391142,0.8096510404015869
hhm13,0.5543425521591461,0.6136988516901182,0.3977033802361314,0.33260553129548764,0.25998706129710497,0.8086689309396734,0.6086851043182921,0.37037037037037035,0.30341258288856543,0.7256994986252628,0.37295811094937736,0.3042212518195051,0.37101730551512213,0.49547145398673786,0.3918809639333657,0.5615397056445092,0.47064531780688995,0.28432799611838916,0.37740579006954555,0.2775351770984959,0.8086689309396734,0.34797024098334145,0.32815785217531945,0.6376354520459324,0.6804949053857351,0.3896166909267346,0.40037198770823224,0.6058547630600033,0.4783276726508168,0.3975416464499434,0.41274462235160925,0.740174672489083,0.39479217208474854,0.3425521591460456,0.3427138929322336,0.7233543587255378,0.3453825004043345,0.2880478732007117,0.49272197962154296,0.3326863981885816,0.4545528060811904,0.8086689309396734,0.32484230955846677,0.7013585638039787,0.41234028788613947,0.4943393174834223,0.8086689309396734,0.8086689309396734,0.4619925602458354,0.7366973960860423,0.31877729257641924,0.5059032831958596,0.40595180333171604,0.39543910722950026,0.3388322820637231,0.4690279799450105,0.41937570758531456,0.5088953582403364,0.37166424065987386,0.5350962316027819,0.4205078440886302,0.6095746401423258,0.562024907003073,0.28424712922529516,0.5752870774704837,0.4322335435872554,0.29564936115154455,0.39026362607148635,0.4857674268154618,0.31101407083939836,0.5908135209445253,0.45932395277373445,0.45188419860908946,0.4819666828400453,0.45940481966682845,0.5414847161572053,0.8086689309396734,0.4192139737991266,0.8086689309396734,0.41840530486818694,0.47937894226103833,0.6317321688500728,0.4049814006145884,0.39915898431182273,0.8086689309396734,0.4529354682193111,0.3495067119521268,0.39503477276403043,0.5866084425036391,0.3998059194565745,0.3618793465955038,0.435872553776484,0.5357431667475335,0.8086689309396734
hhm14,0.5874609182162251,0.4705446766496626,0.24329438867862432,0.3044265262465032,0.42307059404311337,0.8227743952608194,0.591327957873951,0.23950962646042456,0.24214250452525918,0.7508639131150238,0.4513740332400855,0.29866710547967745,0.20240250123416162,0.5098732927431299,0.4432285667270034,0.5346388020404805,0.43623498436728647,0.2433766661181504,0.3493500082277439,0.5200756952443639,0.7418133947671548,0.24510449234819812,0.28640776699029125,0.6478525588283692,0.8227743952608194,0.35297021556689157,0.38481158466348525,0.6845482968570018,0.47794964620701,0.3718940266578904,0.4270199111403653,0.6081948329767978,0.3050847457627119,0.31602764521968074,0.4516208655586638,0.6876748395589929,0.3440842520980747,0.2979266085239427,0.4373868685206516,0.31602764521968074,0.22634523613625143,0.6726180681257199,0.26633207174592727,0.8227743952608194,0.21408589764686523,0.44281717952937305,0.6379792660852394,0.7302945532335033,0.30615435247655093,0.6778838242553892,0.2479019252920849,0.4192035543853875,0.22988316603587294,0.3365970051012013,0.14826394602599965,0.39945696889912785,0.3765838407108771,0.08005594865887773,0.30961000493664637,0.39616587131808456,0.11370742142504524,0.43039328616093464,0.5231199605068291,0.22091492512753003,0.40077340793154514,0.4123745269047227,0.3790521638966595,0.3126542701991114,0.44273490208984695,0.3262300477209149,0.45951949975316764,0.398634194503867,0.393615270692776,0.17344084252098074,0.21680105315122594,0.2617245351324667,0.6672700345565246,0.22272502879710382,0.8227743952608194,0.15106137896988647,0.5506006253085404,0.5244363995392463,0.3147934836267895,0.33363501727826234,0.6912127694586144,0.21935165377653448,0.2868191541879217,0.25218035214744117,0.5674675004113872,0.29019252920849103,0.33363501727826234,0.4333552739838736,0.3428500905051835,0.8227743952608194
hhm15,0.6352640545144803,0.28543441226575805,0.494037478705281,0.24258943781942074,0.4264054514480409,0.7362862010221464,0.4008517887563884,0.3695059625212947,0.38202725724020437,0.8517887563884156,0.1912265758091993,0.35519591141396933,0.3241056218057921,0.20911413969335602,0.2650766609880749,0.4910562180579216,0.1396081771720613,0.380068143100511,0.3057921635434412,0.40826235093696756,0.3290459965928449,0.3745315161839863,0.3289608177172061,0.4434412265758091,0.726320272572402,0.3614139693356047,0.27759795570698464,0.6625212947189096,0.37580919931856893,0.34446337308347524,0.362350936967632,0.674105621805792,0.29957410562180575,0.33747870528109025,0.29471890971039183,0.618228279386712,0.27913117546848376,0.312350936967632,0.40579216354344116,0.45596252129471887,0.2420783645655877,0.643015332197615,0.3019591141396933,0.6572402044293014,0.30349233390119246,0.41422487223168647,0.6387563884156728,0.6390119250425893,0.212350936967632,0.7463373083475296,0.21814310051107322,0.43194207836456555,0.25792163543441227,0.45834752981260646,0.3232538330494037,0.246763202725724,0.29540034071550253,0.443526405451448,0.4048551959114139,0.36499148211243604,0.45613287904599653,0.37691652470187387,0.43500851788756384,0.37597955706984665,0.30979557069846675,0.4382453151618398,0.4152470187393526,0.31354344122657574,0.4149063032367972,0.36908006814310046,0.41814310051107323,0.38415672913117543,0.3047700170357751,0.3098807495741056,0.4840715502555366,0.3294718909710391,0.8517887563884156,0.33356047700170355,0.8517887563884156,0.3178023850085178,0.4206132879045996,0.12555366269165247,0.2980408858603066,0.27759795570698464,0.6955706984667801,0.46643952299829633,0.35204429301533213,0.32129471890971034,0.5872231686541737,0.34063032367972734,0.27427597955706984,0.3615843270868824,0.3205281090289608,0.25689948892674613
hhm16,0.4450892464609162,0.14121164160731556,0.34019168205398753,0.35513936516310557,0.41809548931680296,0.5885870043084498,0.40833553152202584,0.40086168996746685,0.42460212784665435,0.5486678976523345,0.4308449837334037,0.43401037545062865,0.4887013101204607,0.19141827134441222,0.29060054515079575,0.5202672997450101,0.18209795128813858,0.4842170051877253,0.3226941000615493,0.3519739734458806,0.33975204431548406,0.40780796623582166,0.4189747647938099,0.44385826079310653,0.5486678976523345,0.37861602039919107,0.3058120109030159,0.38872768838477095,0.3990152114657522,0.42469005539435506,0.3076584894047305,0.4980216301767344,0.2974588938714499,0.379495295876198,0.33148685483161877,0.5187725314340983,0.43893431812186756,0.4324276795920162,0.5597467686626221,0.5710014947683109,0.31565989624549373,0.6381781412116416,0.29517277763123184,0.8792754770069463,0.37905565813769454,0.624813153961136,0.6271871977490548,0.8792754770069463,0.15325771564231075,0.8792754770069463,0.3315747823793194,0.3194407807966236,0.30572408335531526,0.3388727688384771,0.308098127143234,0.41791963422140155,0.4190626923415106,0.44807878308273985,0.2592104106216478,0.43972566605117386,0.37378000527565286,0.44887013101204604,0.5167501978369823,0.42143673612942933,0.08159676426624461,0.5290600545150796,0.3768574694451772,0.30677921392772356,0.43304317242592105,0.28031302206981445,0.37852809285149036,0.4855359184032358,0.47006067000791346,0.3685922799613119,0.35663413347401746,0.29420557460652424,0.5794425393475776,0.3356194495735514,0.7182801371669744,0.26897036841642485,0.4780620768486767,0.4744570473929482,0.36727336674580147,0.3437087839620153,0.6134705003077464,0.4629385386441572,0.40833553152202584,0.42636067880066825,0.535566693044931,0.49749406489053016,0.38213312230721885,0.5166622702892817,0.3655148157917876,0.8792754770069463
hhm17,0.24783127735773977,0.4910465578989256,0.5072025467568643,0.520891364902507,0.5676880222841226,0.35821727019498606,0.1797851173895742,0.448149621965778,0.4132908873855949,0.17596498209311578,0.38089932351770794,0.4655789892558695,0.38440111420612816,0.39689614007162755,0.479108635097493,0.21918026263430163,0.6612813370473538,0.3402307998408277,0.3452447274174294,0.350258654994031,0.1280541185833665,0.3910863509749304,0.40262634301631517,0.12327894946279348,0.173099880620772,0.5007560684440907,0.365300437723836,0.24799044966175884,0.27186629526462397,0.533465976920016,0.19514524472741743,0.2139275766016713,0.25507361719060884,0.4986868284918425,0.3558296856346996,0.2676482292081178,0.3136490250696379,0.5048149621965778,0.6149621965777955,0.5385594906486272,0.4011142061281337,0.05483485873458019,0.3276561878233188,0.29542379625945087,0.3829685634699563,0.6867489056904099,0.35575009948269004,0.4863509749303621,0.3031436530043773,0.4761639474731397,0.3719856744926383,0.1551134102666136,0.2491842419419021,0.3017906884202149,0.31786709112614403,0.4981297254277756,0.4933545563072026,0.5530441703143653,0.2927974532431357,0.2363708714683645,0.3021090330282531,0.47584560286510147,0.38941504178272984,0.41933943493832077,0.6297652208515718,0.46748905690409875,0.3710306406685237,0.3251890171110227,0.1766016713091922,0.298766414643852,0.16100278551532035,0.41727019498607243,0.5423000397930761,0.3702347791484282,0.3506565857540788,0.1766016713091922,0.10998806207719856,0.2705133306804616,0.4160764027059292,0.34373259052924793,0.327974532431357,0.4755272582570633,0.4485475527258257,0.3713489852765619,0.36776760843613215,0.41360923199363314,0.5496219657779546,0.375407879029049,0.1516116195781934,0.46136092319936334,0.48778352566653405,0.3313967369677676,0.5309192200557104,0.7958615200955034
hhm18,0.7301136363636364,0.8116883116883117,0.8116883116883117,0.7208603896103897,0.7065746753246753,0.7293831168831169,0.8116883116883117,0.8116883116883117,0.6698863636363637,0.6129058441558441,0.6737012987012987,0.8116883116883117,0.7748376623376624,0.8116883116883117,0.8116883116883117,0.5394480519480519,0.7655032467532468,0.7409902597402598,0.5940746753246753,0.8116883116883117,0.6755681818181819,0.7211038961038961,0.6,0.6838474025974026,0.5392857142857143,0.8116883116883117,0.8116883116883117,0.5672077922077922,0.5336038961038961,0.6609577922077923,0.6077922077922078,0.6897727272727273,0.7343344155844156,0.7331168831168832,0.6616883116883118,0.7060876623376624,0.8116883116883117,0.8116883116883117,0.7424512987012987,0.6810064935064936,0.7565746753246754,0.762987012987013,0.6698051948051948,0.5741071428571429,0.7219155844155843,0.6934253246753247,0.5243506493506492,0.6329545454545455,0.6027597402597403,0.5039772727272728,0.5839285714285715,0.7647727272727273,0.580275974025974,0.5454545454545455,0.7280844155844156,0.8116883116883117,0.7571428571428571,0.7025162337662338,0.6526785714285714,0.7056818181818182,0.49139610389610394,0.8116883116883117,0.7436688311688312,0.6954545454545454,0.733198051948052,0.7260551948051948,0.8116883116883117,0.5534090909090909,0.5581980519480519,0.5523538961038961,0.8116883116883117,0.7604707792207792,0.8116883116883117,0.8116883116883117,0.5015422077922078,0.7521103896103896,0.8116883116883117,0.7593344155844156,0.4847402597402597,0.8116883116883117,0.7280032467532468,0.8116883116883117,0.8116883116883117,0.5747564935064935,0.5965097402597402,0.7662337662337663,0.755275974025974,0.677435064935065,0.8116883116883117,0.6395292207792208,0.8116883116883117,0.8116883116883117,0.8116883116883117,0.8116883116883117
hhm19,0.5135385913116829,0.6230282581189371,0.5377477857444116,0.627836355967946,0.5538591311682834,0.5730071699704766,0.5226486714466471,0.5236609025727541,0.39856600590468155,0.46393926613243364,0.4391396035428089,0.562125685364825,0.4350063264445382,0.5011387600168705,0.6214255588359342,0.3557992408266554,0.5023196963306622,0.45997469422184734,0.6360185575706453,0.6258118937157318,0.7604386334879797,0.44765921552087723,0.5542808941374947,0.482496836777731,0.46815689582454667,0.5499789118515395,0.5526781948544918,0.43838043019822864,0.5644875579924082,0.5077182623365668,0.4625896246309574,0.7965415436524673,0.4951497258540701,0.4970054829185997,0.398397300716997,0.7922395613665121,0.6638549135385914,0.6824124841838887,0.649514972585407,0.3622943905525095,0.5635596794601434,0.6605651623787432,0.42539013074652043,0.5821172501054408,0.582876423450021,0.6231969633066217,0.48460565162378744,0.6484183888654577,0.38127372416701816,0.553099957823703,0.3222269084774357,0.5695487136229439,0.48578658793757906,0.40953184310417545,0.3739350485027415,0.6384647827920709,0.5949388443694644,0.45963728384647834,0.6269928300295233,0.4497680303669338,0.3798397300716997,0.7772247996625896,0.6510333192745678,0.5282159426402362,0.5544495993251792,0.782201602699283,0.8435259384226065,0.49219738506959093,0.40860396457191056,0.4199072121467735,0.4837621256853648,0.5624630957401939,0.5432307043441585,0.44521299029945177,0.3202024462252214,0.5178405735976381,0.6862927035006327,0.47684521299029947,0.3881906368620835,0.5016448755799241,0.6563475326866302,0.4900042176296921,0.7177562210037959,0.50223534373682,0.6027836355967946,0.6212568536482497,0.5627161535217208,0.5175875158161114,0.8435259384226065,0.6625052720371152,0.5654154365246732,0.5517503163222269,0.8435259384226065,0.8435259384226065
A,0.3684210526315789,0.3684210526315789,0.42105263157894735,0.7368421052631579,0.42105263157894735,0.3684210526315789,0.42105263157894735,0.7368421052631579,0.7894736842105263,0.47368421052631576,0.8947368421052632,0.5789473684210527,0.5789473684210527,0.7894736842105263,0.47368421052631576,0.42105263157894735,0.5263157894736842,0.42105263157894735,0.5789473684210527,0.42105263157894735,0.8947368421052632,0.5789473684210527,0.6842105263157895,0.8947368421052632,0.42105263157894735,0.5263157894736842,0.8947368421052632,0.5789473684210527,0.47368421052631576,0.5789473684210527,0.6842105263157895,0.42105263157894735,0.5789473684210527,0.5263157894736842,0.8421052631578947,0.42105263157894735,0.7368421052631579,0.631578947368421,0.47368421052631576,0.42105263157894735,0.47368421052631576,0.47368421052631576,0.47368421052631576,0.3684210526315789,0.47368421052631576,0.47368421052631576,0.3157894736842105,0.47368421052631576,0.47368421052631576,0.3157894736842105,0.42105263157894735,0.5789473684210527,0.47368421052631576,0.47368421052631576,0.3684210526315789,0.8421052631578947,0.8947368421052632,0.3684210526315789,0.47368421052631576,0.47368421052631576,0.3684210526315789,0.3684210526315789,0.3684210526315789,0.47368421052631576,0.42105263157894735,0.47368421052631576,0.631578947368421,0.5263157894736842,0.3684210526315789,0.47368421052631576,0.3684210526315789,0.7368421052631579,0.8947368421052632,0.631578947368421,0.42105263157894735,0.7368421052631579,0.42105263157894735,0.8421052631578947,0.3157894736842105,0.47368421052631576,0.8947368421052632,0.47368421052631576,0.42105263157894735,0.7894736842105263,0.3684210526315789,0.42105263157894735,0.42105263157894735,0.8421052631578947,0.42105263157894735,0.6842105263157895,0.5789473684210527,0.5789473684210527,0.5263157894736842,0.7894736842105263
R,0.38095238095238093,0.42857142857142855,0.5714285714285714,0.42857142857142855,0.42857142857142855,0.3333333333333333,0.3333333333333333,0.47619047619047616,0.5714285714285714,0.3333333333333333,0.38095238095238093,0.47619047619047616,0.6190476190476191,0.42857142857142855,0.47619047619047616,0.38095238095238093,0.42857142857142855,0.5714285714285714,0.5714285714285714,0.42857142857142855,0.42857142857142855,0.47619047619047616,0.6666666666666666,0.38095238095238093,0.38095238095238093,0.5238095238095238,0.38095238095238093,0.38095238095238093,0.38095238095238093,0.47619047619047616,0.42857142857142855,0.3333333333333333,0.47619047619047616,0.47619047619047616,0.42857142857142855,0.38095238095238093,0.5714285714285714,0.5714285714285714,0.38095238095238093,0.47619047619047616,0.5714285714285714,0.3333333333333333,0.47619047619047616,0.38095238095238093,0.3333333333333333,0.3333333333333333,0.2857142857142857,0.3333333333333333,0.42857142857142855,0.2857142857142857,0.47619047619047616,0.47619047619047616,0.9047619047619048,0.5238095238095238,0.9523809523809523,0.47619047619047616,0.42857142857142855,0.9523809523809523,0.5238095238095238,0.3333333333333333,0.9523809523809523,0.42857142857142855,0.3333333333333333,0.7619047619047619,0.38095238095238093,0.47619047619047616,0.47619047619047616,0.47619047619047616,0.3333333333333333,0.5238095238095238,0.2857142857142857,0.42857142857142855,0.38095238095238093,0.47619047619047616,0.6666666666666666,0.38095238095238093,0.3333333333333333,0.47619047619047616,0.2857142857142857,0.6190476190476191,0.38095238095238093,0.3333333333333333,0.5714285714285714,0.47619047619047616,0.38095238095238093,0.6190476190476191,0.42857142857142855,0.5714285714285714,0.3333333333333333,0.47619047619047616,0.5714285714285714,0.6190476190476191,0.6666666666666666,0.5238095238095238
N,0.36363636363636365,0.9545454545454546,0.45454545454545453,0.5454545454545454,0.5,0.3181818181818182,0.36363636363636365,0.7272727272727273,0.5454545454545454,0.36363636363636365,0.4090909090909091,0.5,0.5454545454545454,0.5,0.6818181818181818,0.36363636363636365,0.5454545454545454,0.45454545454545453,0.5,0.5454545454545454,0.45454545454545453,0.5454545454545454,0.5454545454545454,0.4090909090909091,0.36363636363636365,0.7727272727272727,0.4090909090909091,0.4090909090909091,0.4090909090909091,0.5909090909090909,0.5,0.36363636363636365,0.5454545454545454,0.6363636363636364,0.5,0.3181818181818182,0.5,0.6818181818181818,0.5454545454545454,0.5454545454545454,0.5454545454545454,0.36363636363636365,0.5,0.3181818181818182,0.36363636363636365,0.45454545454545453,0.3181818181818182,0.45454545454545453,0.7272727272727273,0.3181818181818182,0.5,0.4090909090909091,0.5,0.5909090909090909,0.45454545454545453,0.5,0.4090909090909091,0.45454545454545453,0.5,0.45454545454545453,0.45454545454545453,0.9545454545454546,0.36363636363636365,0.5,0.5909090909090909,0.5909090909090909,0.5,0.5,0.36363636363636365,0.5909090909090909,0.3181818181818182,0.45454545454545453,0.4090909090909091,0.5,0.5909090909090909,0.5454545454545454,0.36363636363636365,0.45454545454545453,0.3181818181818182,0.5,0.4090909090909091,0.45454545454545453,0.5454545454545454,0.5,0.3181818181818182,0.45454545454545453,0.5454545454545454,0.5,0.36363636363636365,0.9090909090909091,0.5454545454545454,0.5454545454545454,0.5454545454545454,0.5454545454545454
D,0.3181818181818182,0.5454545454545454,0.45454545454545453,0.45454545454545453,0.7272727272727273,0.3181818181818182,0.36363636363636365,0.7272727272727273,0.5,0.36363636363636365,0.4090909090909091,0.6363636363636364,0.5,0.45454545454545453,0.6818181818181818,0.36363636363636365,0.45454545454545453,0.45454545454545453,0.45454545454545453,0.9090909090909091,0.4090909090909091,0.7272727272727273,0.5,0.4090909090909091,0.36363636363636365,0.7727272727272727,0.4090909090909091,0.4090909090909091,0.4090909090909091,0.8181818181818182,0.45454545454545453,0.36363636363636365,0.5,0.7272727272727273,0.5,0.3181818181818182,0.5,0.5909090909090909,0.5454545454545454,0.8636363636363636,0.5,0.3181818181818182,0.45454545454545453,0.3181818181818182,0.36363636363636365,0.4090909090909091,0.3181818181818182,0.4090909090909091,0.5,0.3181818181818182,0.5909090909090909,0.36363636363636365,0.45454545454545453,0.6818181818181818,0.4090909090909091,0.45454545454545453,0.45454545454545453,0.4090909090909091,0.5454545454545454,0.4090909090909091,0.4090909090909091,0.5909090909090909,0.4090909090909091,0.45454545454545453,0.45454545454545453,0.45454545454545453,0.6363636363636364,0.5454545454545454,0.3181818181818182,0.6363636363636364,0.3181818181818182,0.45454545454545453,0.4090909090909091,0.45454545454545453,0.5,0.4090909090909091,0.4090909090909091,0.45454545454545453,0.3181818181818182,0.45454545454545453,0.4090909090909091,0.4090909090909091,0.45454545454545453,0.5,0.3181818181818182,0.45454545454545453,0.9090909090909091,0.45454545454545453,0.3181818181818182,0.5454545454545454,0.5,0.5909090909090909,0.5454545454545454,0.5454545454545454
C,0.32,0.32,0.28,0.4,0.28,0.36,0.44,0.4,0.44,0.4,0.4,0.32,0.32,0.48,0.36,0.44,0.4,0.28,0.32,0.28,0.48,0.36,0.4,0.44,0.4,0.4,0.4,0.44,0.44,0.36,0.48,0.4,0.4,0.32,0.44,0.4,0.44,0.4,0.32,0.28,0.32,0.4,0.32,0.4,0.4,0.32,0.32,0.32,0.4,0.32,0.28,0.4,0.32,0.36,0.28,0.4,0.4,0.28,0.36,0.44,0.36,0.28,0.28,0.32,0.36,0.32,0.32,0.36,0.36,0.36,0.36,0.36,0.4,0.52,0.36,0.44,0.28,0.44,0.32,0.32,0.44,0.32,0.28,0.4,0.36,0.28,0.28,0.44,0.4,0.36,0.36,0.4,0.36,0.48
Q,0.38095238095238093,0.38095238095238093,0.47619047619047616,0.47619047619047616,0.5714285714285714,0.2857142857142857,0.2857142857142857,0.47619047619047616,0.5714285714285714,0.3333333333333333,0.38095238095238093,0.5714285714285714,0.5714285714285714,0.42857142857142855,0.5238095238095238,0.3333333333333333,0.42857142857142855,0.5714285714285714,0.5238095238095238,0.6190476190476191,0.38095238095238093,0.47619047619047616,0.5238095238095238,0.38095238095238093,0.3333333333333333,0.5238095238095238,0.38095238095238093,0.38095238095238093,0.3333333333333333,0.5238095238095238,0.42857142857142855,0.2857142857142857,0.6190476190476191,0.5714285714285714,0.47619047619047616,0.3333333333333333,0.5714285714285714,0.5714285714285714,0.38095238095238093,0.47619047619047616,0.5238095238095238,0.2857142857142857,0.8571428571428571,0.3333333333333333,0.3333333333333333,0.3333333333333333,0.23809523809523808,0.3333333333333333,0.38095238095238093,0.23809523809523808,0.5238095238095238,0.38095238095238093,0.47619047619047616,0.6190476190476191,0.42857142857142855,0.5238095238095238,0.42857142857142855,0.42857142857142855,0.5714285714285714,0.3333333333333333,0.47619047619047616,0.38095238095238093,0.3333333333333333,0.8095238095238095,0.38095238095238093,0.42857142857142855,0.5714285714285714,0.5238095238095238,0.3333333333333333,0.6666666666666666,0.2857142857142857,0.42857142857142855,0.38095238095238093,0.42857142857142855,0.47619047619047616,0.38095238095238093,0.3333333333333333,0.42857142857142855,0.23809523809523808,0.47619047619047616,0.38095238095238093,0.3333333333333333,0.47619047619047616,0.6190476190476191,0.2857142857142857,0.47619047619047616,0.47619047619047616,0.47619047619047616,0.2857142857142857,0.42857142857142855,0.5238095238095238,0.5238095238095238,0.5714285714285714,0.47619047619047616
E,0.35,0.45,0.5,0.5,0.95,0.35,0.35,0.65,0.6,0.35,0.45,0.9,0.6,0.5,0.8,0.4,0.45,0.5,0.55,0.7,0.45,0.85,0.55,0.45,0.35,0.65,0.45,0.4,0.4,0.85,0.5,0.35,0.7,0.85,0.65,0.35,0.6,0.65,0.6,0.85,0.55,0.35,0.55,0.35,0.35,0.35,0.3,0.35,0.45,0.3,0.95,0.4,0.5,0.9,0.45,0.55,0.7,0.45,0.75,0.35,0.45,0.45,0.4,0.55,0.45,0.45,0.9,0.85,0.35,0.75,0.3,0.55,0.55,0.5,0.55,0.45,0.4,0.45,0.3,0.5,0.45,0.35,0.5,0.65,0.35,0.5,0.8,0.5,0.35,0.5,0.55,0.65,0.7,0.55
G,0.3,0.45,0.4,0.65,0.4,0.3,0.3,0.5,0.5,0.35,0.5,0.45,0.45,0.55,0.8,0.35,0.45,0.4,0.4,0.45,0.5,0.6,0.5,0.5,0.35,0.5,0.55,0.45,0.4,0.5,0.5,0.3,0.5,0.55,0.5,0.3,0.5,0.6,0.95,0.5,0.4,0.3,0.4,0.3,0.35,0.95,0.3,0.95,0.45,0.3,0.4,0.35,0.45,0.45,0.35,0.55,0.5,0.35,0.45,0.95,0.35,0.45,0.35,0.4,0.4,0.9,0.45,0.45,0.3,0.45,0.3,0.45,0.5,0.5,0.4,0.45,0.35,0.55,0.3,0.4,0.45,0.95,0.4,0.65,0.3,0.4,0.45,0.55,0.3,0.5,0.7,0.55,0.5,0.6
H,0.2608695652173913,0.391304347826087,0.34782608695652173,0.34782608695652173,0.34782608695652173,0.2608695652173913,0.2608695652173913,0.391304347826087,0.43478260869565216,0.2608695652173913,0.34782608695652173,0.391304347826087,0.43478260869565216,0.34782608695652173,0.391304347826087,0.30434782608695654,0.34782608695652173,0.34782608695652173,0.34782608695652173,0.34782608695652173,0.30434782608695654,0.391304347826087,0.391304347826087,0.30434782608695654,0.2608695652173913,0.43478260869565216,0.30434782608695654,0.30434782608695654,0.30434782608695654,0.391304347826087,0.34782608695652173,0.2608695652173913,0.391304347826087,0.391304347826087,0.34782608695652173,0.2608695652173913,0.391304347826087,0.391304347826087,0.30434782608695654,0.391304347826087,0.34782608695652173,0.21739130434782608,0.391304347826087,0.2608695652173913,0.2608695652173913,0.2608695652173913,0.30434782608695654,0.2608695652173913,0.34782608695652173,0.30434782608695654,0.34782608695652173,0.2608695652173913,0.391304347826087,0.4782608695652174,0.391304347826087,0.34782608695652173,0.30434782608695654,0.43478260869565216,0.391304347826087,0.2608695652173913,0.5217391304347826,0.391304347826087,0.2608695652173913,0.43478260869565216,0.30434782608695654,0.34782608695652173,0.391304347826087,0.391304347826087,0.2608695652173913,0.4782608695652174,0.21739130434782608,0.30434782608695654,0.30434782608695654,0.34782608695652173,0.34782608695652173,0.30434782608695654,0.2608695652173913,0.34782608695652173,0.30434782608695654,0.34782608695652173,0.30434782608695654,0.2608695652173913,0.34782608695652173,0.34782608695652173,0.2608695652173913,0.34782608695652173,0.34782608695652173,0.34782608695652173,0.21739130434782608,0.391304347826087,0.391304347826087,0.391304347826087,0.43478260869565216,0.391304347826087
I,0.5,0.3181818181818182,0.36363636363636365,0.45454545454545453,0.3181818181818182,0.5909090909090909,0.8636363636363636,0.45454545454545453,0.45454545454545453,0.7727272727272727,0.4090909090909091,0.4090909090909091,0.4090909090909091,0.45454545454545453,0.36363636363636365,0.6818181818181818,0.4090909090909091,0.36363636363636365,0.4090909090909091,0.36363636363636365,0.45454545454545453,0.4090909090909091,0.45454545454545453,0.5454545454545454,0.6818181818181818,0.4090909090909091,0.4090909090909091,0.6363636363636364,0.7272727272727273,0.36363636363636365,0.5454545454545454,0.8636363636363636,0.5454545454545454,0.36363636363636365,0.45454545454545453,0.5909090909090909,0.5,0.4090909090909091,0.3181818181818182,0.36363636363636365,0.36363636363636365,0.7272727272727273,0.36363636363636365,0.6818181818181818,0.8181818181818182,0.3181818181818182,0.45454545454545453,0.3181818181818182,0.45454545454545453,0.45454545454545453,0.3181818181818182,0.6363636363636364,0.36363636363636365,0.36363636363636365,0.3181818181818182,0.4090909090909091,0.4090909090909091,0.3181818181818182,0.5,0.3181818181818182,0.45454545454545453,0.3181818181818182,0.3181818181818182,0.36363636363636365,0.45454545454545453,0.3181818181818182,0.36363636363636365,0.45454545454545453,0.9090909090909091,0.5,0.9545454545454546,0.36363636363636365,0.4090909090909091,0.4090909090909091,0.45454545454545453,0.6363636363636364,0.3181818181818182,0.5,0.45454545454545453,0.36363636363636365,0.4090909090909091,0.3181818181818182,0.36363636363636365,0.45454545454545453,0.5454545454545454,0.36363636363636365,0.36363636363636365,0.5454545454545454,0.6818181818181818,0.4090909090909091,0.4090909090909091,0.45454545454545453,0.45454545454545453,0.5
L,0.6,0.35,0.4,0.5,0.4,0.95,0.6,0.45,0.5,0.65,0.45,0.45,0.45,0.5,0.4,0.9,0.45,0.4,0.4,0.35,0.45,0.45,0.55,0.5,0.85,0.45,0.45,0.7,0.75,0.4,0.55,0.6,0.55,0.4,0.5,0.95,0.5,0.45,0.35,0.35,0.4,0.6,0.45,0.95,0.65,0.35,0.55,0.35,0.45,0.55,0.4,0.6,0.45,0.4,0.4,0.45,0.45,0.4,0.5,0.35,0.5,0.35,0.4,0.5,0.45,0.4,0.4,0.45,0.65,0.5,0.6,0.4,0.45,0.45,0.45,0.6,0.35,0.5,0.55,0.4,0.45,0.35,0.4,0.6,0.95,0.4,0.35,0.6,0.6,0.4,0.45,0.5,0.5,0.55
K,0.38095238095238093,0.47619047619047616,0.9523809523809523,0.47619047619047616,0.47619047619047616,0.3333333333333333,0.3333333333333333,0.5714285714285714,0.6666666666666666,0.38095238095238093,0.42857142857142855,0.5714285714285714,0.8571428571428571,0.47619047619047616,0.5238095238095238,0.42857142857142855,0.5238095238095238,0.9047619047619048,0.9047619047619048,0.47619047619047616,0.42857142857142855,0.5714285714285714,0.7619047619047619,0.42857142857142855,0.38095238095238093,0.6666666666666666,0.47619047619047616,0.38095238095238093,0.38095238095238093,0.5238095238095238,0.47619047619047616,0.3333333333333333,0.5714285714285714,0.5714285714285714,0.47619047619047616,0.3333333333333333,0.7619047619047619,0.7619047619047619,0.47619047619047616,0.5238095238095238,0.9047619047619048,0.3333333333333333,0.5238095238095238,0.3333333333333333,0.38095238095238093,0.38095238095238093,0.2857142857142857,0.38095238095238093,0.47619047619047616,0.2857142857142857,0.5238095238095238,0.38095238095238093,0.7142857142857143,0.6666666666666666,0.5714285714285714,0.6666666666666666,0.47619047619047616,0.5714285714285714,0.7619047619047619,0.38095238095238093,0.6190476190476191,0.42857142857142855,0.38095238095238093,0.7142857142857143,0.42857142857142855,0.6666666666666666,0.6190476190476191,0.6666666666666666,0.3333333333333333,0.7142857142857143,0.3333333333333333,0.5714285714285714,0.42857142857142855,0.5238095238095238,0.9047619047619048,0.42857142857142855,0.38095238095238093,0.6190476190476191,0.2857142857142857,0.9047619047619048,0.42857142857142855,0.38095238095238093,0.9523809523809523,0.5238095238095238,0.3333333333333333,0.9047619047619048,0.47619047619047616,0.6190476190476191,0.3333333333333333,0.5238095238095238,0.8095238095238095,0.8095238095238095,0.8095238095238095,0.5238095238095238
M,1.0,0.30434782608695654,0.34782608695652173,0.43478260869565216,0.30434782608695654,0.5217391304347826,0.4782608695652174,0.43478260869565216,0.43478260869565216,0.6521739130434783,0.391304347826087,0.391304347826087,0.43478260869565216,0.4782608695652174,0.391304347826087,0.6521739130434783,0.391304347826087,0.34782608695652173,0.34782608695652173,0.30434782608695654,0.391304347826087,0.391304347826087,0.4782608695652174,0.43478260869565216,0.5217391304347826,0.391304347826087,0.391304347826087,0.6086956521739131,0.5652173913043478,0.34782608695652173,0.43478260869565216,0.4782608695652174,0.6086956521739131,0.34782608695652173,0.391304347826087,0.5652173913043478,0.43478260869565216,0.391304347826087,0.30434782608695654,0.30434782608695654,0.34782608695652173,0.4782608695652174,0.391304347826087,0.5652173913043478,0.5217391304347826,0.30434782608695654,0.391304347826087,0.30434782608695654,0.391304347826087,0.391304347826087,0.34782608695652173,0.4782608695652174,0.34782608695652173,0.34782608695652173,0.34782608695652173,0.391304347826087,0.391304347826087,0.34782608695652173,0.4782608695652174,0.30434782608695654,0.34782608695652173,0.30434782608695654,0.30434782608695654,0.4782608695652174,0.391304347826087,0.391304347826087,0.34782608695652173,0.391304347826087,0.782608695652174,0.4782608695652174,0.4782608695652174,0.34782608695652173,0.391304347826087,0.391304347826087,0.391304347826087,0.4782608695652174,0.30434782608695654,0.43478260869565216,0.391304347826087,0.34782608695652173,0.391304347826087,0.30434782608695654,0.34782608695652173,0.43478260869565216,0.5217391304347826,0.34782608695652173,0.30434782608695654,0.5217391304347826,0.43478260869565216,0.34782608695652173,0.391304347826087,0.43478260869565216,0.43478260869565216,0.4782608695652174
F,0.4090909090909091,0.2727272727272727,0.2727272727272727,0.36363636363636365,0.2727272727272727,0.5454545454545454,0.4090909090909091,0.36363636363636365,0.36363636363636365,0.45454545454545453,0.36363636363636365,0.3181818181818182,0.3181818181818182,0.36363636363636365,0.3181818181818182,0.5454545454545454,0.3181818181818182,0.2727272727272727,0.3181818181818182,0.2727272727272727,0.36363636363636365,0.3181818181818182,0.36363636363636365,0.4090909090909091,0.45454545454545453,0.36363636363636365,0.3181818181818182,0.7727272727272727,0.7727272727272727,0.3181818181818182,0.36363636363636365,0.45454545454545453,0.4090909090909091,0.3181818181818182,0.4090909090909091,0.45454545454545453,0.36363636363636365,0.36363636363636365,0.3181818181818182,0.2727272727272727,0.3181818181818182,0.4090909090909091,0.3181818181818182,0.5454545454545454,0.45454545454545453,0.2727272727272727,0.9545454545454546,0.2727272727272727,0.36363636363636365,0.9545454545454546,0.2727272727272727,0.4090909090909091,0.3181818181818182,0.3181818181818182,0.2727272727272727,0.36363636363636365,0.3181818181818182,0.2727272727272727,0.36363636363636365,0.2727272727272727,0.3181818181818182,0.2727272727272727,0.22727272727272727,0.3181818181818182,0.3181818181818182,0.3181818181818182,0.3181818181818182,0.3181818181818182,0.45454545454545453,0.4090909090909091,0.45454545454545453,0.3181818181818182,0.3181818181818182,0.36363636363636365,0.3181818181818182,0.4090909090909091,0.22727272727272727,0.4090909090909091,0.9545454545454546,0.3181818181818182,0.3181818181818182,0.2727272727272727,0.2727272727272727,0.4090909090909091,0.7272727272727273,0.2727272727272727,0.2727272727272727,0.36363636363636365,0.4090909090909091,0.3181818181818182,0.36363636363636365,0.36363636363636365,0.36363636363636365,0.4090909090909091
P,0.3181818181818182,0.36363636363636365,0.4090909090909091,0.5,0.4090909090909091,0.36363636363636365,0.36363636363636365,0.45454545454545453,0.5,0.36363636363636365,0.45454545454545453,0.45454545454545453,0.45454545454545453,0.45454545454545453,0.45454545454545453,0.4090909090909091,0.5,0.4090909090909091,0.45454545454545453,0.4090909090909091,0.45454545454545453,0.45454545454545453,0.5,0.45454545454545453,0.4090909090909091,0.45454545454545453,0.45454545454545453,0.4090909090909091,0.4090909090909091,0.45454545454545453,0.45454545454545453,0.36363636363636365,0.45454545454545453,0.45454545454545453,0.45454545454545453,0.36363636363636365,0.5,0.45454545454545453,0.4090909090909091,0.4090909090909091,0.45454545454545453,0.36363636363636365,0.4090909090909091,0.36363636363636365,0.45454545454545453,0.36363636363636365,0.2727272727272727,0.36363636363636365,0.45454545454545453,0.2727272727272727,0.4090909090909091,0.5454545454545454,0.4090909090909091,0.5,0.36363636363636365,0.5909090909090909,0.45454545454545453,0.36363636363636365,0.45454545454545453,0.36363636363636365,0.36363636363636365,0.36363636363636365,1.0,0.4090909090909091,0.45454545454545453,0.5454545454545454,0.45454545454545453,0.6363636363636364,0.36363636363636365,0.5,0.36363636363636365,0.9090909090909091,0.45454545454545453,0.45454545454545453,0.45454545454545453,0.4090909090909091,1.0,0.45454545454545453,0.2727272727272727,0.45454545454545453,0.8181818181818182,0.36363636363636365,0.4090909090909091,0.5,0.36363636363636365,0.4090909090909091,0.4090909090909091,0.45454545454545453,0.36363636363636365,0.45454545454545453,0.7272727272727273,0.6818181818181818,0.5909090909090909,0.5454545454545454
S,0.3157894736842105,0.47368421052631576,0.42105263157894735,0.6842105263157895,0.47368421052631576,0.3157894736842105,0.3684210526315789,0.631578947368421,0.6842105263157895,0.3684210526315789,0.631578947368421,0.5263157894736842,0.5789473684210527,0.7368421052631579,0.5789473684210527,0.3684210526315789,0.7894736842105263,0.42105263157894735,0.47368421052631576,0.47368421052631576,0.6842105263157895,0.5789473684210527,0.5789473684210527,0.5789473684210527,0.3684210526315789,0.631578947368421,0.5789473684210527,0.47368421052631576,0.42105263157894735,0.5789473684210527,0.7368421052631579,0.3684210526315789,0.6842105263157895,0.5263157894736842,0.631578947368421,0.3684210526315789,0.631578947368421,0.631578947368421,0.47368421052631576,0.47368421052631576,0.5263157894736842,0.3684210526315789,0.631578947368421,0.3157894736842105,0.3684210526315789,0.47368421052631576,0.3157894736842105,0.42105263157894735,0.6842105263157895,0.3157894736842105,0.5263157894736842,0.47368421052631576,0.5789473684210527,0.5263157894736842,0.3684210526315789,0.631578947368421,0.5263157894736842,0.42105263157894735,0.5263157894736842,0.47368421052631576,0.42105263157894735,0.5263157894736842,0.3684210526315789,0.5263157894736842,0.5789473684210527,0.47368421052631576,0.47368421052631576,0.5263157894736842,0.3157894736842105,0.5263157894736842,0.3157894736842105,0.47368421052631576,0.5263157894736842,0.8421052631578947,0.47368421052631576,0.5263157894736842,0.3684210526315789,0.5789473684210527,0.3157894736842105,0.631578947368421,0.5263157894736842,0.47368421052631576,0.47368421052631576,0.5789473684210527,0.3157894736842105,0.42105263157894735,0.47368421052631576,0.631578947368421,0.3684210526315789,0.631578947368421,0.5789473684210527,0.5789473684210527,0.5263157894736842,0.7368421052631579
T,0.35,0.55,0.4,0.8,0.4,0.35,0.45,0.6,0.55,0.45,0.45,0.5,0.5,0.75,0.45,0.45,0.85,0.4,0.45,0.4,0.55,0.65,0.55,0.55,0.45,0.6,0.5,0.6,0.55,0.45,0.75,0.45,0.75,0.5,0.65,0.4,0.55,0.5,0.35,0.4,0.5,0.45,0.7,0.4,0.45,0.35,0.3,0.35,0.85,0.3,0.45,0.6,0.45,0.5,0.4,0.45,0.45,0.35,0.7,0.35,0.35,0.4,0.35,0.4,0.9,0.4,0.45,0.65,0.4,0.65,0.4,0.4,0.45,0.7,0.6,0.55,0.35,0.5,0.3,0.45,0.45,0.35,0.4,0.5,0.35,0.4,0.4,0.5,0.45,0.45,0.45,0.5,0.5,0.6
W,0.3076923076923077,0.23076923076923078,0.2692307692307692,0.34615384615384615,0.2692307692307692,0.34615384615384615,0.3076923076923077,0.34615384615384615,0.34615384615384615,0.3076923076923077,0.3076923076923077,0.3076923076923077,0.3076923076923077,0.34615384615384615,0.3076923076923077,0.38461538461538464,0.3076923076923077,0.2692307692307692,0.3076923076923077,0.2692307692307692,0.3076923076923077,0.3076923076923077,0.34615384615384615,0.3076923076923077,0.34615384615384615,0.3076923076923077,0.3076923076923077,0.4230769230769231,0.4230769230769231,0.3076923076923077,0.34615384615384615,0.3076923076923077,0.34615384615384615,0.3076923076923077,0.34615384615384615,0.34615384615384615,0.34615384615384615,0.34615384615384615,0.3076923076923077,0.2692307692307692,0.3076923076923077,0.3076923076923077,0.3076923076923077,0.34615384615384615,0.3076923076923077,0.3076923076923077,0.4230769230769231,0.3076923076923077,0.3076923076923077,0.5,0.3076923076923077,0.3076923076923077,0.3076923076923077,0.3076923076923077,0.2692307692307692,0.3076923076923077,0.3076923076923077,0.2692307692307692,0.34615384615384615,0.3076923076923077,0.3076923076923077,0.23076923076923078,0.23076923076923078,0.34615384615384615,0.3076923076923077,0.3076923076923077,0.3076923076923077,0.3076923076923077,0.3076923076923077,0.34615384615384615,0.3076923076923077,0.2692307692307692,0.3076923076923077,0.3076923076923077,0.34615384615384615,0.34615384615384615,0.23076923076923078,0.34615384615384615,0.4230769230769231,0.3076923076923077,0.3076923076923077,0.3076923076923077,0.2692307692307692,0.34615384615384615,0.38461538461538464,0.2692307692307692,0.2692307692307692,0.34615384615384615,0.3076923076923077,0.3076923076923077,0.34615384615384615,0.34615384615384615,0.34615384615384615,0.38461538461538464
Y,0.34782608695652173,0.30434782608695654,0.30434782608695654,0.391304347826087,0.30434782608695654,0.391304347826087,0.391304347826087,0.391304347826087,0.391304347826087,0.391304347826087,0.34782608695652173,0.34782608695652173,0.391304347826087,0.34782608695652173,0.34782608695652173,0.43478260869565216,0.34782608695652173,0.34782608695652173,0.34782608695652173,0.30434782608695654,0.34782608695652173,0.34782608695652173,0.391304347826087,0.34782608695652173,0.391304347826087,0.34782608695652173,0.34782608695652173,0.5217391304347826,0.4782608695652174,0.34782608695652173,0.391304347826087,0.391304347826087,0.391304347826087,0.34782608695652173,0.391304347826087,0.391304347826087,0.391304347826087,0.391304347826087,0.30434782608695654,0.30434782608695654,0.34782608695652173,0.34782608695652173,0.34782608695652173,0.391304347826087,0.391304347826087,0.2608695652173913,0.5217391304347826,0.2608695652173913,0.34782608695652173,0.5217391304347826,0.34782608695652173,0.391304347826087,0.34782608695652173,0.34782608695652173,0.34782608695652173,0.34782608695652173,0.34782608695652173,0.34782608695652173,0.391304347826087,0.2608695652173913,0.34782608695652173,0.30434782608695654,0.2608695652173913,0.34782608695652173,0.34782608695652173,0.30434782608695654,0.34782608695652173,0.34782608695652173,0.34782608695652173,0.391304347826087,0.34782608695652173,0.30434782608695654,0.34782608695652173,0.34782608695652173,0.34782608695652173,0.391304347826087,0.2608695652173913,0.391304347826087,0.5217391304347826,0.34782608695652173,0.34782608695652173,0.2608695652173913,0.34782608695652173,0.391304347826087,0.43478260869565216,0.34782608695652173,0.30434782608695654,0.391304347826087,0.34782608695652173,0.34782608695652173,0.391304347826087,0.391304347826087,0.391304347826087,0.43478260869565216
V,0.5,0.3,0.35,0.5,0.35,0.55,0.85,0.45,0.55,0.85,0.5,0.45,0.45,0.5,0.4,0.7,0.45,0.35,0.45,0.4,0.55,0.45,0.55,0.7,0.85,0.45,0.5,0.75,0.7,0.4,0.7,0.8,0.6,0.4,0.5,0.7,0.6,0.45,0.35,0.35,0.35,0.95,0.45,0.6,0.9,0.3,0.4,0.3,0.5,0.4,0.35,0.9,0.45,0.4,0.35,0.45,0.5,0.35,0.55,0.35,0.4,0.3,0.35,0.4,0.45,0.35,0.4,0.55,0.6,0.5,0.65,0.4,0.5,0.45,0.45,0.85,0.35,0.7,0.4,0.4,0.55,0.3,0.35,0.55,0.55,0.35,0.35,0.55,0.95,0.45,0.45,0.45,0.45,0.55
