,T,T.1,I,V,G,V.1,K,F,N,N.1,G.1,V.2,V.3,I.1,A,A.1,D,T.2,R,S,T.3,Q,G.2,P,I.2,V.4,A.2,D.1,K.1,N.2,C,A.3,K.2,L,H,R.1,I.3,S.1,P.1,K.3,I.4,W,C.1,A.4,G.3,A.5,G.4,T.4,A.6,A.7,D.2,T.5,E,A.8,V.5,T.6,Q.1,L.1,I.5,G.5,S.2,N.3,I.6,E.1,L.2,H.1,S.3,L.3,Y,T.7,S.4,R.2,E.2,P.2,R.3,V.6,V.7,S.5,A.9,L.4,Q.2,M,L.5,K.4,Q.3,H.2,L.6,F.1,K.5,Y.1,Q.4,G.6,H.3,I.7,G.7,A.10,Y.2,L.7,I.8,V.8,A.11,G.8,V.9,D.3,P.3,T.8,G.9,S.6,H.4,L.8,F.2,S.7,I.9,H.5,A.12,H.6,G.10,S.8,T.9,D.4,V.10,G.11,Y.3,Y.4,L.9,S.9,L.10,G.12,S.10,G.13,S.11,L.11,A.13,A.14,M.1,A.15,V.11,L.12,E.3,S.12,H.7,W.1,K.6,Q.5,D.5,L.13,T.10,K.7,E.4,E.5,A.16,I.10,K.8,L.14,A.17,S.13,D.6,A.18,I.11,Q.6,A.19,G.14,I.12,W.2,N.4,D.7,L.15,G.15,S.14,G.16,S.15,N.5,V.12,D.8,V.13,C.2,V.14,M.2,E.6,I.13,G.17,K.9,D.9,A.20,E.7,Y.5,L.16,R.4,N.6,Y.6,L.17,T.11,P.4,N.7,V.15,R.5,E.8,E.9,K.10,Q.7,K.11,S.16,Y.7,K.12,F.3,P.5,R.6,G.18,T.12,T.13,A.21,V.16,L.18,K.13,E.10,S.17,I.14,V.17,N.8,I.15,C.3,D.10,I.16,Q.8,E.11,E.12
ASA,0.011282051282051281,0.009743589743589742,0.008205128205128205,0.007179487179487179,0.007692307692307693,0.006666666666666665,0.16307692307692306,0.03743589743589744,0.43846153846153846,0.38461538461538464,0.015897435897435898,0.014358974358974357,0.005128205128205128,0.003076923076923077,0.004615384615384616,0.006666666666666665,0.09230769230769231,0.3061538461538461,0.5297435897435898,0.07846153846153847,0.2866666666666667,0.5882051282051283,0.1641025641025641,0.3533333333333334,0.19179487179487179,0.24358974358974358,0.1323076923076923,0.2651282051282051,0.6528205128205129,0.418974358974359,0.07230769230769231,0.29743589743589743,0.28,0.04307692307692308,0.19846153846153844,0.44000000000000006,0.059487179487179485,0.10153846153846152,0.4071794871794872,0.31846153846153846,0.013333333333333334,0.036923076923076927,0.003076923076923077,0.003076923076923077,0.0020512820512820513,0.02564102564102564,0.036923076923076927,0.18307692307692305,0.16974358974358975,0.26666666666666666,0.10974358974358973,0.023076923076923078,0.4184615384615385,0.17846153846153845,0.02051282051282051,0.09384615384615383,0.49333333333333335,0.24974358974358973,0.036410256410256414,0.09435897435897435,0.26153846153846155,0.24307692307692308,0.0841025641025641,0.46358974358974364,0.3882051282051282,0.26974358974358975,0.15076923076923077,0.4461538461538462,0.658974358974359,0.3333333333333333,0.4564102564102564,0.5538461538461539,0.5702564102564103,0.06051282051282052,0.4548717948717949,0.03128205128205128,0.2282051282051282,0.1887179487179487,0.013333333333333334,0.054871794871794874,0.40974358974358976,0.21025641025641026,0.011794871794871794,0.23384615384615384,0.45538461538461544,0.19948717948717948,0.02564102564102564,0.3717948717948718,0.6287179487179487,0.36307692307692313,0.4266666666666667,0.16153846153846155,0.28717948717948716,0.03128205128205128,0.013846153846153845,0.0041025641025641026,0.06666666666666667,0.006153846153846154,0.0020512820512820513,0.0041025641025641026,0.0010256410256410256,0.005128205128205128,0.09794871794871794,0.07692307692307693,0.46051282051282055,0.46,0.07282051282051283,0.07948717948717948,0.15333333333333332,0.05333333333333334,0.06102564102564103,0.07641025641025641,0.031794871794871796,0.1687179487179487,0.12,0.4082051282051283,0.04256410256410257,0.09128205128205127,0.1482051282051282,0.1687179487179487,0.3164102564102564,0.09538461538461537,0.49743589743589745,0.054871794871794874,0.18256410256410258,0.02051282051282051,0.25487179487179484,0.08512820512820511,0.24410256410256412,0.10615384615384615,0.04717948717948719,0.3523076923076923,0.15487179487179487,0.009743589743589742,0.15128205128205127,0.24564102564102563,0.14974358974358973,0.019487179487179485,0.35692307692307695,0.37948717948717947,0.41948717948717956,0.10974358974358973,0.5246153846153847,0.6512820512820513,0.6025641025641025,0.13538461538461538,0.34615384615384615,0.41794871794871796,0.6194871794871796,0.4220512820512821,0.022051282051282053,0.14307692307692307,0.5374358974358975,0.08615384615384614,0.003076923076923077,0.09589743589743589,0.3128205128205128,0.014871794871794871,0.008717948717948718,0.32923076923076927,0.13282051282051283,0.014358974358974357,0.11128205128205128,0.5246153846153847,0.2969230769230769,0.19897435897435897,0.34564102564102567,0.23487179487179485,0.2312820512820513,0.22205128205128202,0.2128205128205128,0.3076923076923077,0.02051282051282051,0.13333333333333333,0.013846153846153845,0.026153846153846156,0.06717948717948717,0.03282051282051282,0.2964102564102564,0.3241025641025641,0.301025641025641,0.5574358974358975,0.5466666666666667,0.21487179487179486,0.5538461538461539,0.5010256410256411,0.22974358974358972,0.40871794871794875,0.437948717948718,0.24666666666666667,0.38102564102564107,0.3430769230769231,0.2692307692307692,0.35692307692307695,0.37948717948717947,0.6241025641025642,0.515897435897436,0.6051282051282051,0.556923076923077,0.5492307692307693,0.6374358974358975,0.357948717948718,0.27025641025641023,0.5743589743589743,0.14102564102564102,0.3394871794871795,0.6728205128205129,0.21487179487179486,0.2251282051282051,0.1076923076923077,0.2533333333333333,0.14153846153846153,0.34461538461538466,0.4943589743589744,0.32256410256410256,0.3158974358974359,0.4,0.3261538461538462,0.5630769230769231,0.26307692307692304,0.4271794871794872,0.48769230769230776,0.557948717948718,0.6717948717948717,0.7415384615384615,0.7841025641025642
HSE_alpha_up,0.8258064516129032,0.832258064516129,0.8612903225806451,0.8612903225806451,0.8064516129032258,0.8774193548387097,0.5548387096774193,0.767741935483871,0.32903225806451614,0.267741935483871,0.635483870967742,0.8129032258064516,0.8709677419354839,0.9064516129032258,0.864516129032258,0.8387096774193549,0.6645161290322581,0.42580645161290326,0.2645161290322581,0.6709677419354839,0.4,0.13548387096774195,0.22580645161290322,0.31290322580645163,0.5580645161290323,0.37419354838709684,0.6064516129032258,0.3548387096774194,0.2129032258064516,0.24193548387096775,0.7290322580645162,0.24838709677419354,0.40645161290322585,0.7935483870967742,0.4741935483870968,0.4612903225806452,0.7709677419354839,0.5129032258064516,0.31935483870967746,0.44193548387096776,0.8516129032258065,0.7645161290322581,0.8870967741935484,0.8709677419354839,0.867741935483871,0.767741935483871,0.6322580645161291,0.4483870967741936,0.6064516129032258,0.20645161290322578,0.5548387096774193,0.8096774193548387,0.3258064516129033,0.27419354838709675,0.767741935483871,0.6548387096774194,0.15483870967741936,0.3451612903225807,0.7612903225806452,0.5161290322580645,0.17419354838709675,0.3774193548387097,0.6774193548387096,0.2612903225806452,0.19032258064516128,0.3774193548387097,0.3774193548387097,0.19032258064516128,0.15161290322580645,0.2129032258064516,0.07741935483870968,0.17419354838709675,0.23225806451612904,0.7354838709677419,0.31612903225806455,0.832258064516129,0.4645161290322581,0.2935483870967742,0.7870967741935485,0.7516129032258064,0.25483870967741934,0.40967741935483876,0.835483870967742,0.5870967741935483,0.1774193548387097,0.45161290322580644,0.803225806451613,0.46774193548387094,0.12580645161290321,0.4612903225806452,0.40645161290322585,0.3548387096774194,0.4967741935483871,0.8,0.7387096774193549,0.8806451612903226,0.7354838709677419,0.8516129032258065,0.9290322580645162,0.8838709677419355,0.9129032258064517,0.8064516129032258,0.6225806451612903,0.6225806451612903,0.24516129032258063,0.11290322580645161,0.3064516129032258,0.6483870967741936,0.5516129032258065,0.7580645161290323,0.7290322580645162,0.5870967741935483,0.803225806451613,0.503225806451613,0.6612903225806451,0.3709677419354839,0.6580645161290323,0.6258064516129033,0.5645161290322581,0.5258064516129033,0.32903225806451614,0.3451612903225807,0.3387096774193548,0.7870967741935485,0.432258064516129,0.8096774193548387,0.34838709677419355,0.37419354838709684,0.42903225806451617,0.535483870967742,0.7548387096774194,0.3258064516129033,0.31290322580645163,0.8161290322580645,0.635483870967742,0.18064516129032257,0.4,0.8161290322580645,0.4774193548387097,0.09999999999999999,0.31935483870967746,0.7967741935483871,0.19677419354838707,0.15806451612903225,0.03870967741935484,0.6000000000000001,0.09999999999999999,0.5580645161290323,0.0935483870967742,0.2129032258064516,0.7838709677419355,0.5903225806451613,0.13870967741935483,0.5838709677419355,0.8935483870967742,0.5935483870967743,0.22580645161290322,0.7387096774193549,0.867741935483871,0.42903225806451617,0.3838709677419355,0.7483870967741936,0.6870967741935484,0.3645161290322581,0.41935483870967744,0.4709677419354839,0.44193548387096776,0.16129032258064516,0.3645161290322581,0.24193548387096775,0.3451612903225807,0.39032258064516134,0.8225806451612904,0.4967741935483871,0.8419354838709678,0.7516129032258064,0.6000000000000001,0.8096774193548387,0.2774193548387097,0.5096774193548387,0.054838709677419356,0.2,0.11612903225806451,0.4967741935483871,0.16451612903225804,0.432258064516129,0.4967741935483871,0.3709677419354839,0.2774193548387097,0.6096774193548388,0.3451612903225807,0.25161290322580643,0.4870967741935484,0.3709677419354839,0.3032258064516129,0.3225806451612903,0.2709677419354839,0.2225806451612903,0.29677419354838713,0.22580645161290322,0.2161290322580645,0.16774193548387098,0.5935483870967743,0.19677419354838707,0.6967741935483871,0.2032258064516129,0.30000000000000004,0.14516129032258066,0.3387096774193548,0.635483870967742,0.2709677419354839,0.6935483870967742,0.31612903225806455,0.16129032258064516,0.4903225806451613,0.13870967741935483,0.41935483870967744,0.25483870967741934,0.10967741935483871,0.5387096774193548,0.14193548387096772,0.19677419354838707,0.2161290322580645,0.12580645161290321,0.1193548387096774,0.132258064516129
HSE_alpha_down,0.7785016286644951,0.8436482084690553,0.8501628664495113,0.8534201954397395,0.8436482084690553,0.768729641693811,0.8241042345276873,0.5863192182410424,0.6254071661237784,0.6384364820846905,0.762214983713355,0.7785016286644951,0.8762214983713354,0.8990228013029316,0.8631921824104235,0.8273615635179152,0.7166123778501629,0.6579804560260586,0.6840390879478827,0.3843648208469056,0.5309446254071661,0.5537459283387622,0.501628664495114,0.5276872964169381,0.4364820846905537,0.6384364820846905,0.4429967426710097,0.504885993485342,0.4918566775244299,0.5504885993485341,0.29967426710097717,0.6286644951140066,0.7198697068403909,0.5439739413680782,0.7231270358306189,0.7263843648208469,0.4397394136807818,0.6221498371335504,0.5928338762214984,0.6514657980456027,0.5895765472312703,0.8501628664495113,0.8599348534201954,0.8925081433224755,0.8859934853420195,0.8013029315960911,0.742671009771987,0.768729641693811,0.511400651465798,0.7328990228013029,0.6091205211726384,0.6026058631921825,0.7133550488599348,0.7100977198697069,0.5830618892508143,0.5895765472312703,0.7133550488599348,0.6221498371335504,0.5211726384364821,0.5732899022801302,0.6612377850162867,0.5570032573289901,0.4397394136807818,0.5537459283387622,0.5635179153094463,0.4657980456026059,0.4169381107491857,0.42019543973941365,0.3973941368078176,0.3061889250814332,0.4299674267100977,0.4299674267100977,0.5570032573289901,0.35504885993485336,0.745928338762215,0.4853420195439739,0.6710097719869706,0.7328990228013029,0.6058631921824104,0.6416938110749185,0.762214983713355,0.6905537459283387,0.5895765472312703,0.6319218241042345,0.7231270358306189,0.5993485342019543,0.482084690553746,0.501628664495114,0.5798045602605864,0.4104234527687297,0.482084690553746,0.5504885993485341,0.6840390879478827,0.6840390879478827,0.8371335504885994,0.8143322475570033,0.8338762214983713,0.8957654723127036,0.8794788273615636,0.8957654723127036,0.8925081433224755,0.8371335504885994,0.7785016286644951,0.5081433224755699,0.5081433224755699,0.48859934853420195,0.6123778501628665,0.6026058631921825,0.755700325732899,0.6970684039087948,0.6970684039087948,0.7980456026058632,0.5960912052117264,0.758957654723127,0.6091205211726384,0.6775244299674268,0.6644951140065146,0.7100977198697069,0.6384364820846905,0.5374592833876222,0.6351791530944626,0.5863192182410424,0.7133550488599348,0.4723127035830619,0.8208469055374593,0.5472312703583062,0.7817589576547231,0.7133550488599348,0.6938110749185669,0.6482084690553745,0.5700325732899023,0.7328990228013029,0.7328990228013029,0.5732899022801302,0.6449511400651466,0.742671009771987,0.6254071661237784,0.45602605863192186,0.5081433224755699,0.5830618892508143,0.4527687296416938,0.1498371335504886,0.5276872964169381,0.4039087947882736,0.46905537459283386,0.19218241042345274,0.6905537459283387,0.3452768729641694,0.5830618892508143,0.5863192182410424,0.4429967426710097,0.6384364820846905,0.785016286644951,0.6970684039087948,0.6938110749185669,0.7231270358306189,0.8436482084690553,0.6970684039087948,0.742671009771987,0.768729641693811,0.739413680781759,0.6058631921824104,0.6188925081433225,0.6742671009771987,0.5211726384364821,0.4397394136807818,0.4429967426710097,0.4853420195439739,0.3811074918566775,0.495114006514658,0.47557003257328984,0.6612377850162867,0.5309446254071661,0.8013029315960911,0.7100977198697069,0.785016286644951,0.8273615635179152,0.5342019543973942,0.762214983713355,0.43322475570032576,0.4299674267100977,0.2833876221498371,0.42019543973941365,0.250814332247557,0.52442996742671,0.4397394136807818,0.4006514657980456,0.4657980456026059,0.5895765472312703,0.3843648208469056,0.4788273615635179,0.5276872964169381,0.40716612377850164,0.4006514657980456,0.4429967426710097,0.3811074918566775,0.3615635179153095,0.35179153094462545,0.3192182410423453,0.33876221498371334,0.3355048859934854,0.4104234527687297,0.30944625407166126,0.6416938110749185,0.31596091205211724,0.5667752442996742,0.4723127035830619,0.5374592833876222,0.511400651465798,0.4267100977198697,0.6775244299674268,0.4136807817589576,0.511400651465798,0.6026058631921825,0.32247557003257327,0.5374592833876222,0.3355048859934854,0.3876221498371335,0.5211726384364821,0.18892508143322476,0.3680781758957655,0.2899022801302931,0.20521172638436483,0.21498371335504887,0.18566775244299674,0.09446254071661239
P(C),0.363,0.02,0.003,0.004,0.006,0.004,0.008,0.147,0.985,0.988,0.23399999999999999,0.003,0.001,0.002,0.022000000000000002,0.153,0.48200000000000004,0.711,0.647,0.61,0.659,0.7959999999999999,0.9540000000000001,0.929,0.608,0.413,0.649,0.868,0.9490000000000001,0.9570000000000001,0.836,0.845,0.341,0.037000000000000005,0.016,0.077,0.504,0.9159999999999999,0.993,0.978,0.129,0.006999999999999999,0.006,0.038,0.182,0.43799999999999994,0.835,0.9009999999999999,0.08800000000000001,0.053,0.023,0.005,0.002,0.001,0.001,0.001,0.002,0.003,0.004,0.005,0.006,0.01,0.006999999999999999,0.015,0.02,0.05,0.079,0.068,0.151,0.405,0.998,0.998,0.998,0.9890000000000001,0.467,0.013999999999999999,0.004,0.002,0.001,0.001,0.002,0.002,0.001,0.001,0.003,0.005,0.018000000000000002,0.085,0.259,0.478,0.831,0.922,0.905,0.66,0.48100000000000004,0.336,0.44299999999999995,0.044000000000000004,0.009000000000000001,0.008,0.031,0.10099999999999999,0.125,0.841,0.9940000000000001,0.992,0.625,0.617,0.034,0.004,0.003,0.015,0.136,0.82,0.9570000000000001,0.938,0.867,0.725,0.138,0.096,0.132,0.37200000000000005,0.442,0.19,0.03,0.040999999999999995,0.20600000000000002,0.7609999999999999,0.835,0.63,0.132,0.008,0.002,0.001,0.0,0.001,0.002,0.009000000000000001,0.066,0.36,0.688,0.9740000000000001,0.978,0.9890000000000001,0.992,0.986,0.975,0.013999999999999999,0.004,0.001,0.001,0.001,0.001,0.001,0.0,0.0,0.001,0.001,0.001,0.002,0.005,0.019,0.081,0.276,0.502,0.825,0.8390000000000001,0.7909999999999999,0.754,0.937,0.932,0.7140000000000001,0.193,0.03,0.006,0.001,0.002,0.024,0.332,0.888,0.977,0.955,0.8959999999999999,0.54,0.29,0.195,0.275,0.444,0.705,0.7120000000000001,0.833,0.924,0.9540000000000001,0.9,0.768,0.8079999999999999,0.752,0.701,0.736,0.762,0.818,0.8340000000000001,0.84,0.81,0.93,0.988,0.9890000000000001,0.988,0.922,0.42100000000000004,0.318,0.23199999999999998,0.217,0.124,0.08800000000000001,0.087,0.111,0.179,0.313,0.508,0.5670000000000001,0.539,0.625,0.762,0.889,0.991
P(H),0.001,0.0,0.0,0.0,0.0,0.0,0.0,0.001,0.001,0.0,0.0,0.0,0.0,0.0,0.0,0.001,0.01,0.2,0.307,0.349,0.305,0.187,0.012,0.025,0.015,0.008,0.016,0.006,0.032,0.018000000000000002,0.016,0.008,0.006999999999999999,0.0,0.0,0.0,0.001,0.0,0.002,0.002,0.0,0.0,0.0,0.0,0.001,0.006999999999999999,0.013999999999999999,0.034,0.912,0.9470000000000001,0.977,0.995,0.998,0.9990000000000001,0.9990000000000001,0.9990000000000001,0.998,0.997,0.996,0.995,0.9940000000000001,0.99,0.993,0.985,0.98,0.95,0.9209999999999999,0.932,0.848,0.595,0.002,0.0,0.001,0.009000000000000001,0.013000000000000001,0.986,0.996,0.998,0.9990000000000001,0.9990000000000001,0.998,0.998,0.9990000000000001,0.9990000000000001,0.997,0.995,0.982,0.915,0.74,0.518,0.14300000000000002,0.054000000000000006,0.049,0.013000000000000001,0.008,0.005,0.006999999999999999,0.0,0.0,0.0,0.0,0.0,0.001,0.001,0.002,0.001,0.006,0.004,0.0,0.0,0.0,0.0,0.0,0.003,0.027000000000000003,0.044000000000000004,0.049,0.016,0.003,0.003,0.004,0.011000000000000001,0.01,0.002,0.0,0.0,0.003,0.038,0.11800000000000001,0.368,0.868,0.992,0.998,0.9990000000000001,1.0,0.9990000000000001,0.998,0.991,0.934,0.64,0.309,0.015,0.004,0.01,0.006,0.0,0.0,0.986,0.996,0.9990000000000001,0.9990000000000001,0.9990000000000001,0.9990000000000001,0.9990000000000001,1.0,1.0,0.9990000000000001,0.9990000000000001,0.9990000000000001,0.998,0.995,0.981,0.9179999999999999,0.715,0.48100000000000004,0.106,0.145,0.20199999999999999,0.231,0.049,0.033,0.022000000000000002,0.0,0.0,0.0,0.0,0.0,0.0,0.001,0.013999999999999999,0.012,0.008,0.017,0.095,0.1,0.057999999999999996,0.073,0.061,0.054000000000000006,0.05,0.016,0.003,0.027000000000000003,0.053,0.136,0.14,0.19399999999999998,0.21899999999999997,0.19399999999999998,0.17600000000000002,0.138,0.081,0.013000000000000001,0.005,0.0,0.0,0.002,0.002,0.001,0.006,0.004,0.006,0.009000000000000001,0.006,0.002,0.002,0.002,0.005,0.008,0.047,0.062,0.075,0.071,0.034,0.008,0.002
P(E),0.637,0.98,0.997,0.996,0.9940000000000001,0.996,0.992,0.853,0.015,0.011000000000000001,0.7659999999999999,0.997,0.9990000000000001,0.998,0.978,0.846,0.508,0.08800000000000001,0.046,0.040999999999999995,0.036000000000000004,0.017,0.034,0.047,0.37799999999999995,0.579,0.335,0.126,0.019,0.024,0.14800000000000002,0.146,0.652,0.963,0.9840000000000001,0.9229999999999999,0.495,0.084,0.005,0.02,0.871,0.993,0.9940000000000001,0.9620000000000001,0.8170000000000001,0.5539999999999999,0.152,0.065,0.0,0.0,0.0,0.0,0.0,0.0,0.0,0.0,0.0,0.0,0.0,0.0,0.0,0.0,0.0,0.0,0.0,0.0,0.0,0.0,0.0,0.0,0.0,0.001,0.001,0.002,0.521,0.0,0.0,0.0,0.0,0.0,0.0,0.0,0.0,0.0,0.0,0.0,0.0,0.0,0.001,0.004,0.026000000000000002,0.024,0.046,0.32799999999999996,0.51,0.66,0.55,0.956,0.991,0.992,0.9690000000000001,0.899,0.8740000000000001,0.157,0.004,0.006,0.37,0.379,0.966,0.996,0.997,0.985,0.863,0.17600000000000002,0.016,0.018000000000000002,0.084,0.259,0.8590000000000001,0.902,0.8640000000000001,0.617,0.547,0.8079999999999999,0.97,0.9590000000000001,0.7909999999999999,0.201,0.046,0.002,0.0,0.0,0.0,0.0,0.0,0.0,0.0,0.0,0.0,0.0,0.003,0.011000000000000001,0.018000000000000002,0.002,0.002,0.013999999999999999,0.024,0.0,0.0,0.0,0.0,0.0,0.0,0.0,0.0,0.0,0.0,0.0,0.0,0.0,0.0,0.0,0.001,0.008,0.018000000000000002,0.068,0.015,0.006999999999999999,0.013999999999999999,0.013999999999999999,0.035,0.263,0.807,0.97,0.9940000000000001,0.9990000000000001,0.998,0.976,0.667,0.098,0.011000000000000001,0.037000000000000005,0.086,0.365,0.611,0.747,0.652,0.495,0.24100000000000002,0.23800000000000002,0.151,0.073,0.02,0.047,0.096,0.052000000000000005,0.054000000000000006,0.08,0.07,0.061,0.044000000000000004,0.084,0.147,0.184,0.07,0.012,0.009000000000000001,0.01,0.077,0.573,0.6779999999999999,0.762,0.774,0.87,0.91,0.9109999999999999,0.8859999999999999,0.8170000000000001,0.6779999999999999,0.445,0.371,0.387,0.304,0.203,0.10300000000000001,0.006999999999999999
cosPhi,0.1226455834880466,0.28395799058363486,0.27300558175194123,0.27534133942888395,0.28395799058363486,0.23875144491977834,0.34715340500711844,0.11363355939858964,0.6726511485097596,0.37312216430155265,0.07231809021302346,0.2871112288073927,0.3183753545893165,0.34134871160403585,0.26990092977248764,0.12842797847490006,0.3175625751811306,0.658654334576348,0.5816647529711744,0.6167245605764888,0.5139623849791505,0.443399743787534,0.20048881146543146,0.6336211181574699,0.4399329206936275,0.3714347348764086,0.5557361589705921,0.3773474565255172,0.6767394833538882,0.48953028125131925,0.5366207332023877,0.5894029029802669,0.0778362743516023,0.29902702255949565,0.20823002862623768,0.5713162071796779,0.49127529328996117,0.12494484578814914,0.6953676824535783,0.39092957014008944,0.408025567609334,0.2182376403204082,0.1501687871831376,0.14154512734543545,0.09755339848638657,0.1846626587984124,0.17927573031997054,0.36218242536113926,0.7439320957138202,0.7097282031766333,0.6913438221341193,0.7184030825625629,0.7207551219392987,0.7049636643607307,0.7049636643607307,0.72777467054293,0.7121018805568672,0.6953676824535783,0.6921497697365305,0.7301021164078965,0.7033704641246838,0.6783710660941525,0.7041673752050037,0.7081425532535844,0.69777487682315,0.68811422768336,0.7001766491363243,0.6889224919850222,0.5988304943297116,0.39178138646408744,0.7301021164078965,0.2537889930329638,0.6386592721166093,0.6759228831791068,0.5808036797790674,0.7477316119346342,0.7254409801620674,0.7009760236208884,0.7081425532535844,0.7223197899021362,0.7136811056883583,0.7009760236208884,0.7041673752050037,0.7308765329924929,0.7057593291662297,0.6929551320220594,0.7009760236208884,0.6921497697365305,0.6461878207600362,0.4278232027221915,0.5531337206080733,0.5531337206080733,0.4607718557259904,0.2568330921457988,0.13671308096594897,0.26835279988861416,0.47470497599422445,0.09294252394067128,0.247736942741607,0.3191886872623099,0.13912030973508652,0.01889106078076091,0.23800777202735837,0.4382005964637488,0.6824404709992533,0.4572929314238303,0.23061530999026203,0.5609363804107673,0.15519070086959394,0.42350837193694624,0.16220539029754286,0.2350410838587557,0.24173407193002405,0.5713162071796779,0.6897301808006494,0.5113452244314379,0.38327848560389527,0.31108055419536185,0.16156250730571106,0.223304905603279,0.2629566964875326,0.010037678266070698,0.5427101147565536,0.1514179098175794,0.1921698477194082,0.2328245345284564,0.18398590912013482,0.39092957014008944,0.6235014056533372,0.5418405722052523,0.7049636643607307,0.7223197899021362,0.7057593291662297,0.7025729335473005,0.7331955536090552,0.7191877641635248,0.7033704641246838,0.6985760732996393,0.7121018805568672,0.6561694580605593,0.3875256532975149,0.5461869575022086,0.2902748430037506,0.7041673752050037,0.5357503541535911,0.5331385742313197,0.5808036797790674,0.7627381489670437,0.7293269988969874,0.7009760236208884,0.7191877641635248,0.7347380195306702,0.7207551219392987,0.7057593291662297,0.7176177356725745,0.72777467054293,0.7168317258858625,0.7121018805568672,0.7128918173729912,0.7223197899021362,0.7033704641246838,0.6937599065374325,0.6800004754578253,0.6048111238100802,0.4816796129252406,0.45294722309548585,0.649522374684333,0.626036586136116,0.5174513245965237,0.5635340209217263,0.468606167689911,0.408025567609334,0.2350410838587557,0.37819364614954565,0.26142141620455994,0.21107183076915934,0.34052138263736137,0.3022281693572341,0.3030299682856577,0.6520185166227104,0.5894029029802669,0.36890653443199317,0.5218112832091212,0.40888348278297676,0.3208170024908328,0.5374910007027193,0.4572929314238303,0.09092541826186999,0.4668644719490642,0.4790636324451947,0.531396878490473,0.26990092977248764,0.6627860961884333,0.4938930040649742,0.42092224857394933,0.5331385742313197,0.40202815252528273,0.4773199599336429,0.49127529328996117,0.4773199599336429,0.5618024497166353,0.49738353319963713,0.38327848560389527,0.3697488719970058,0.41060014320011706,0.6669054611250307,0.7009760236208884,0.5200674804808114,0.43300822630800107,0.4555542392629396,0.6005407899229838,0.6031039298560792,0.4633823129779964,0.07877404145563505,0.15900130431392964,0.1907963835196534,0.3883761250546542,0.2537889930329638,0.5868258764054934,0.41403671108696083,0.3563208254893466,0.43387312652322,0.4625120454776647,0.48778539680145455,0.490402772650911,0.4738334652563384
cosPsi,0.04611126073354571,0.12901207951219185,0.17395079808480396,0.18942610986084485,0.14215363314813223,0.16413970533850497,0.21035941382866052,0.035433714232971814,0.9622730168061566,0.9998050575201771,0.00030458649045211894,0.12321830384918103,0.22257778627600028,0.21751649828753106,0.16543469682057088,0.05060297685041654,0.07736908338907195,0.9616051085564904,0.9786597487660336,0.958530037192562,0.9906463319961226,0.9953739202357218,0.0023863000090844078,0.6561674592561163,0.2167968815375837,0.2357808326388265,0.24098649531343497,0.09549150281252633,0.9658456137927744,0.9999383162408303,0.12379254555213776,0.9505385106610458,0.07367991782295391,0.16220489619216988,0.11585823820323843,0.18196088986111797,0.818039110138882,0.027240712200341577,0.96391812694946,0.9952547316191545,0.13911988595081892,0.09497917977710207,0.0840229389347587,0.07096754713817782,0.045745911236639014,0.0849938574523163,0.007148265455573177,0.08161784327051919,0.8993177550236464,0.8907602362094094,0.8841417617967617,0.863287335485488,0.8779267345838198,0.8784975278258782,0.8620859307187337,0.8715724127386971,0.8863667867486755,0.8813341648478441,0.8750555348152298,0.8733190911426957,0.8846997775234475,0.8972073102677091,0.8750555348152298,0.8896689824657371,0.8863667867486755,0.8880232035332729,0.8835825759076499,0.8977367404274479,0.9308145802207629,0.9958355811915451,0.9546180545235342,0.0631138884822674,0.1203643463325596,0.08793690568899215,0.1307723296870582,0.8961448216775953,0.8802029828000155,0.8841417617967617,0.8608801140491811,0.868638668405062,0.8818980143173211,0.8779267345838198,0.8638863788286053,0.8715724127386971,0.8863667867486755,0.8796356536674403,0.8738990452492659,0.916942911033584,0.9410634330088339,0.9991199139618826,0.9813458732132394,0.8608801140491811,0.9738842050047928,0.11585823820323843,0.025838172396900394,0.12321830384918103,0.9776391810611718,0.09446809050533678,0.18061609124220118,0.21321178182447692,0.0723178699197467,0.005753056595658224,0.1266809088573042,0.014432860045182017,0.9704403844771128,0.9996954135095479,0.0031160404197018154,0.10545795758265475,0.0840229389347587,0.17527597583490823,0.07597595192178702,0.13018445251069527,0.15329908586209345,0.09446809050533678,0.9592231906715436,0.9988421394178026,0.8547853682682605,0.11979701719998453,0.08843181573277903,0.11197679646672704,0.15079235728449697,0.00033580311067188395,0.1349188616896238,0.07322460136233633,0.10599462319663905,0.1272620001585691,0.08992406206311393,0.0364080727166064,0.9719004757916148,0.9999238475781955,0.8796356536674403,0.879067168098826,0.8818980143173211,0.8674572975749799,0.8692276703129419,0.8784975278258782,0.8738990452492659,0.8756320667517556,0.8982649590120981,0.9406517260324961,0.9994852848953574,0.12901207951219185,0.08645971286271903,0.947077118419684,0.9942469434043417,0.09651984392809898,0.0338380993922438,0.8907602362094094,0.8885729807284855,0.8880232035332729,0.8656768508095852,0.8692276703129419,0.8807691537683684,0.8668649322514382,0.8578463668518679,0.8698155474893049,0.8796356536674403,0.8608801140491811,0.8620859307187337,0.8756320667517556,0.8802029828000155,0.8709879204878082,0.9019284303086086,0.9462929092260628,0.9997251079708787,0.7191855733945387,0.96391812694946,0.9784067920288038,0.99778098230154,0.9971689720666024,0.12264520988861405,0.223304225378328,0.128427587261303,0.19011048410242992,0.16673376487527364,0.10438823351625504,0.21249737397836072,0.16999916601953147,0.1349188616896238,0.1634937432451133,0.9999512620046521,0.07367991782295391,0.1558227121531231,0.12379254555213776,0.13911988595081892,0.21607812747344946,0.9648882429441257,0.05175678480827983,0.2167968815375837,0.2146432161577842,0.9838545852409857,0.17395079808480396,0.09703585887574218,0.21321178182447692,0.13911988595081892,0.16413970533850497,0.10923976379059058,0.1615620151586697,0.1963120801383566,0.2380070470149605,0.9997532801828658,0.735505940609705,0.15329908586209345,0.2182369755312143,0.1403300998306744,0.05811718495565327,0.13254270242502003,0.99778098230154,0.07505365350656812,0.1255221396054989,0.11197679646672704,0.2110711878082474,0.9435054165891108,0.05976132324541905,0.09963431452563332,0.09859126240444271,0.17197048550474642,0.13136133159493796,0.1551902281321652,0.20399341060039022,0.11979701719998453,0.17660511024477016,0.4148952504169837,0.3446617851846342,0.38327731807204735,0.18942610986084485
cosTheta,0.1568049198821925,0.32778997029444323,0.355120328788274,0.3689968558775661,0.3368362975954329,0.32030106466777947,0.42743940671343666,0.1311851100715849,0.8286352843229204,0.7095355028942687,0.06499274915700785,0.31137487164519795,0.41941590408680574,0.42743940671343666,0.355120328788274,0.18474593169374104,0.32929319618320246,0.8141016662888393,0.8032150501723183,0.7580074198027501,0.7238532980690099,0.6474179767125922,0.2763489509243248,0.652705522164951,0.4945956351837025,0.4648226993131143,0.5553758948234914,0.40189966886449263,0.8104714255234919,0.7760579120749974,0.4178157731920731,0.7887199616519883,0.14692196391355092,0.34747132321559654,0.2691923587387716,0.5079650758160088,0.5949797519100501,0.1693680540132162,0.8796270369773674,0.7436026400945558,0.3535870578560153,0.2663436026757517,0.20841661216939264,0.19386605707492474,0.143254688686829,0.26067007720371993,0.2578453769248242,0.3383502801029132,0.8705105047910613,0.8796270369773674,0.8486480206728793,0.8468274590991198,0.8741566897177764,0.8723335222271821,0.8486480206728793,0.8668649422946731,0.8778034526472047,0.8668649422946731,0.8359090664658281,0.86322004664864,0.8705105047910613,0.85228980488783,0.8431870247477466,0.8613978627735588,0.8613978627735588,0.8486480206728793,0.8486480206728793,0.8577540506726897,0.8050286169205682,0.7113230236159556,0.8595758622648653,0.23416540767340377,0.4995995598982075,0.4763491054785088,0.49293025492739123,0.8942198470628439,0.8741566897177764,0.8686876429626403,0.8450071252757246,0.8559324335465859,0.8741566897177764,0.8668649422946731,0.8413671630595275,0.8705105047910613,0.8741566897177764,0.8577540506726897,0.8413671630595275,0.8650424083394216,0.8541110164355151,0.6757015379200512,0.7077486281380552,0.5811415394691719,0.6544696826357251,0.2981113560328886,0.20442198281291268,0.31137487164519795,0.7023919340836179,0.18604210470674018,0.3459467501146377,0.41302460754775755,0.19517783111088063,0.0897538123209669,0.30251559597311095,0.30398745355904433,0.8668649422946731,0.7724440909438196,0.16180243081953452,0.43065937896758133,0.19780801354459113,0.4290486426519627,0.20708289117526169,0.30546119248014136,0.31731829200591355,0.4435986933251303,0.7941527359009306,0.7526017391603238,0.4730489897723562,0.34138357048071105,0.21916424604397136,0.2908090001657502,0.3505257113953375,0.1252403811049865,0.46975433943965944,0.19124916334425515,0.2578453769248242,0.2806665274502819,0.2564360574736777,0.28645060881432255,0.6863584956503939,0.7364130873607363,0.8122863794219237,0.8759800017091586,0.8759800017091586,0.8413671630595275,0.8741566897177764,0.8869225971143573,0.8668649422946731,0.8468274590991198,0.8705105047910613,0.8778034526472047,0.7436026400945558,0.41143064422930514,0.3383502801029132,0.7959644444203854,0.8122863794219237,0.3955772822968696,0.3581920427035977,0.9179432807871354,0.9033432439672016,0.8686876429626403,0.8595758622648653,0.8759800017091586,0.8942198470628439,0.8541110164355151,0.8541110164355151,0.8705105047910613,0.8905710330890404,0.8577540506726897,0.8468274590991198,0.8778034526472047,0.8686876429626403,0.8322716312149072,0.8304533189544963,0.7995890040031358,0.7077486281380552,0.6421379479210424,0.7869098390601198,0.8231829015773611,0.7184794572263012,0.7364130873607363,0.4763491054785088,0.47140097892374216,0.2777861834122121,0.43065937896758133,0.3338136810025616,0.2564360574736777,0.42743940671343666,0.3581920427035977,0.34747132321559654,0.5502523222454161,0.7580074198027501,0.3581920427035977,0.5062894322589223,0.405070379884999,0.3752081710495006,0.5146801987833775,0.6916967212324558,0.19386605707492474,0.501270112515095,0.49293025492739123,0.6580004393173893,0.35973047632968996,0.5281696136083994,0.5197295739437523,0.43873539431256126,0.5113201377738956,0.44197613101050093,0.4813094386336044,0.5281696136083994,0.5383371526776111,0.6703830979376492,0.6019229049831574,0.4003166855571702,0.4648226993131143,0.3940006794718206,0.4664651946246928,0.5536669147950974,0.8032150501723183,0.3398660392704277,0.40824738457686954,0.48296557210160435,0.5434367527222953,0.7023919340836179,0.1481491135290557,0.2396834880896061,0.2763489509243248,0.416217176891701,0.33532409635984006,0.5046150537900882,0.4730489897723562,0.3955772822968696,0.4631815954046482,0.5690874572951323,0.5673696988149799,0.5725261904033072,0.4995995598982075
cosTau,0.00027489202912139854,0.11418770830613995,0.0407768093284564,0.017263684560387516,0.02108875257734255,0.012619402904389176,0.039407297217139425,0.0018273519045468034,0.43819926162975376,0.9221639627510075,0.7347357813929455,0.7454518768075705,0.03075348862022198,0.0289712736063516,0.010745507449110792,0.0014074332374421905,0.06830222469661418,0.2247596299575022,0.7889288121917527,0.6553382148153659,0.7191855733945387,0.8371511937918616,0.985567139954818,0.9263200821770461,0.00040280244277701716,0.00759612349389599,0.08209631931586497,0.00759612349389599,0.32898992833716567,0.7875026260216393,0.402882824390014,0.051370815162835703,0.9951340343707852,0.06100851228600973,0.005621809476497097,0.2439785675647143,0.04984061429890324,0.9942469434043417,0.3815809269671907,0.8397206521307583,0.39860635232174374,0.00853232542522292,0.02134025123396638,0.004865965629214819,0.0023019008164105736,0.06482215203005015,0.5894011075581748,0.9125567491391475,0.32081602522734987,0.7967094433018507,0.820724815784579,0.8029942001328555,0.8029942001328555,0.8193839087577989,0.8227288438619753,0.8085179375703744,0.8160146513324255,0.8240599505315654,0.8233948897552297,0.7953028338099627,0.813981528824669,0.8300008339804683,0.8119397983546931,0.8043807145043603,0.8153379037156432,0.8227288438619753,0.8085179375703744,0.820724815784579,0.8620859307187337,0.9212261985035738,0.263724617565473,0.28317045770622784,0.41661562664194884,0.3355666766307084,0.26603509286971316,0.2507561301230849,0.7903514778554699,0.813981528824669,0.8146601955249188,0.8064535268264883,0.8085179375703744,0.8220618148806933,0.8187119948743449,0.7995117992577929,0.8193839087577989,0.8267103019950527,0.8173652566011338,0.8085179375703744,0.8050725819506339,0.8733190911426957,0.006713919196515317,0.5130884741539365,0.9373098535696979,0.37988597876136804,0.0007796179090095445,0.2167968815375837,0.020343012729971188,0.9867894514365803,0.02611579499520711,0.025287261179048115,0.0010421908639104416,0.022360818938828186,0.29822735182380505,0.07597595192178702,0.47034681321201915,0.8572363398164017,0.4720892475034181,0.905020820222898,0.0039426493427610065,0.14644660940672627,0.0019026509541272274,0.05331430583608121,0.010212375200328028,0.1990924884239758,0.3630203906537838,0.7846397617154222,0.43300690729085395,0.0012179748700879012,0.005621809476497097,0.013012016360474221,0.028388671026199574,0.5704506159687913,0.8213938048432696,0.0013427613877710076,0.019610422921202908,0.030153689607045786,0.0028310279333976784,0.9938441702975689,0.9414737964294635,0.9701440635052095,0.38497513140594786,0.7960065893996098,0.818039110138882,0.8153379037156432,0.8009075115760242,0.8133019056822303,0.8240599505315654,0.8193839087577989,0.7981124374828079,0.800210112662942,0.8918467286629199,0.42092096637275833,0.014019499710726802,0.38497513140594786,0.844177287846877,0.2153602382845779,0.23726417446386605,0.3388671523847445,0.7910614850786447,0.8173652566011338,0.8119397983546931,0.8050725819506339,0.8153379037156432,0.820724815784579,0.8173652566011338,0.8064535268264883,0.8187119948743449,0.8213938048432696,0.816690436313775,0.8078307376628291,0.8193839087577989,0.8193839087577989,0.8160146513324255,0.8240599505315654,0.8409991800312493,0.4712179865202164,6.8538762866277025e-06,0.7853567838422159,0.7316480175599309,0.4011713298104369,0.2110711878082474,0.1551902281321652,0.006293096624544303,0.06439309443990532,0.02639486112698558,0.006155829702431226,0.06439309443990532,0.012425322847218423,0.024202798060280917,0.30865828381745514,0.9853582407890954,0.3680634750173135,0.3240791757976492,0.07322460136233633,0.020838712767433376,0.20399341060039022,0.0005147151046426268,0.9970754819861577,0.21895831107393465,0.09600505805098475,0.01912934522539439,0.8422735529643444,0.2950384830792136,0.15079235728449697,0.10545795758265475,0.1949274180493662,0.05098621211969212,0.2018875625171922,0.1049224938121549,0.09243610213572295,0.08695085275211811,0.5773551931497342,0.0039426493427610065,0.0338380993922438,0.06184665997806832,0.3430037720162976,0.48952879005832156,0.9599107486608688,0.21895831107393465,0.21249737397836072,0.24924463142027148,0.2675789771376902,0.0003685417946894254,0.999597197557223,0.008372546218022803,0.007296050758255013,0.10707155341229901,0.00759612349389599,0.2730047501302266,0.05770951239245803,0.03075348862022198,0.10923976379059058,0.043582911383478584,0.02059013256590353,0.014641759210904604,0.0038340310572556047
sinPhi,0.17197048550474636,0.04908373679744299,0.05449673790581605,0.05331430583608121,0.04908373679744299,0.07367991782295386,0.023935303628930593,0.1826347433988662,0.03075348862022198,0.01636612361206158,0.7590135046865651,0.04758647376699021,0.034154386207225496,0.025838172396900394,0.056092307431799326,0.16543469682057083,0.034472092068735805,0.025838172396900394,0.006713919196515317,0.013815039801161721,0.00019494247982282387,0.0032140721617062162,0.9003656854743667,0.018184773395688525,0.0036213290352771765,0.016811960339335408,0.0031160404197018154,0.015277325052430624,0.03227798458506631,0.00010965826257719469,0.0013427613877710076,0.008057481033229175,0.23208660251050167,0.04216870333021938,0.0939582365540968,0.005111884546105505,7.615242180442072e-05,0.1693440673381741,0.03974757327377981,0.012041619030626283,0.008532325425222809,0.08695085275211806,0.14276366018359837,0.15141744857271788,0.20329055669814927,0.11197679646672692,0.8835825759076498,0.01936915203084061,0.06353896136509518,0.0461112607335456,0.038060233744356575,0.05022111052240985,0.051370815162835815,0.04393994191386341,0.04393994191386341,0.054893597694436747,0.04721560049443019,0.03974757327377981,0.038394891443509604,0.056092307431799326,0.04322727117869962,0.03289776283948531,0.043582911383478584,0.04538194547646579,0.0407768093284564,0.03673568456408138,0.041818635218880185,0.03706470759500258,0.009864412689139013,0.011851996440033319,0.9439076925682006,0.06482215203005015,0.019610422921202908,0.03197023213051342,0.006572141796596376,0.0656842427809044,0.05370709077393726,0.04216870333021955,0.04538194547646579,0.05214411988029355,0.047958725169610805,0.04216870333021955,0.043582911383478584,0.05649458341088914,0.04429836168227741,0.03873095527187681,0.04216870333021955,0.038394891443509604,0.021847622018482282,0.005237105465515202,0.0028310279333976784,0.9971689720666024,0.0015413331334360736,0.06311388848226734,0.15645624459778845,0.05689821038439258,0.0006403214079069852,0.20964852214453006,0.06830222469661412,0.033838099392243914,0.1539284130647966,0.3638598764797127,0.07413653292847616,0.0038340310572556047,0.034472092068735805,0.0018273519045468034,0.9212261985035737,0.003726924179338953,0.13791406928126615,0.005885809276723608,0.13136133159493796,0.07597595192178697,0.0718664576998359,0.005111884546105505,0.037395140807108984,0.00012869533865078608,0.9861849601988384,0.03706470759500258,0.13195145644013279,0.08353937964495023,0.05976132324541905,0.5996839672085986,0.0018273519045468034,0.14154469617475857,0.10599462319663899,0.07736908338907189,0.11252775564791007,0.9879583809693737,0.015492134296565208,0.9982464296247522,0.04393994191386341,0.05214411988029355,0.04429836168227741,0.04287302238286822,0.05770951239245803,0.05060297685041654,0.04322727117869962,0.041122687158009485,0.04721560049443019,0.02501397423767382,0.012814967607382377,0.00213765090770901,0.04611126073354571,0.043582911383478584,0.001279608534527965,0.0010992658539749622,0.006572141796596376,0.07459444528797443,0.055691383672525574,0.04216870333021955,0.05060297685041654,0.05852620357053656,0.051370815162835815,0.04429836168227741,0.04984061429890324,0.054893597694436747,0.04946148933895422,0.04721560049443019,0.04758647376699021,0.05214411988029355,0.04322727117869962,0.0390684242057498,0.03352323258725548,0.011108381620696994,0.00033580311067188395,0.002219017698460002,0.022879835741861587,0.016145414759014376,0.00030458649045211894,0.9959472212950148,0.0009866357858642205,0.008532325425222809,0.07597595192178697,0.015063992357626621,0.06059144366901731,0.0919312049599198,0.02611579499520722,0.0407768093284564,0.04043233037238281,0.023669259373206908,0.9919425189667708,0.017491752763844293,0.0004758892090711009,0.008372546218022692,0.033209786751399184,0.0014074332374421905,0.0018273519045468034,0.21249737397836083,0.0010992658539749622,0.0004385849505708084,0.0009866357858642205,0.056092307431799326,0.027240712200341577,3.731516977401039e-05,0.006293096624544192,0.0010992658539749622,0.009692670726693553,0.0005147151046426268,7.615242180442072e-05,0.0005147151046426268,0.0038340310572556047,6.8538762866277025e-06,0.01381503980116161,0.017263684560387405,0.008057481033229175,0.028679254453910785,0.04216870333021955,0.999597197557223,0.004508400142581803,0.001979467294615178,0.010212375200328028,0.010745507449110792,0.0013427613877710076,0.23061460749656854,0.13432314919041471,0.10707155341229896,0.012619402904389121,0.06482215203005015,0.00759612349389599,0.007445336922613011,0.021088752577342607,0.004392229874229214,0.0014074332374421905,0.00014925510940838604,9.21439391778911e-05,0.0006852326227130834
sinPsi,0.7097260412230887,0.8352133094793996,0.8790671680988262,0.8918467286629199,0.8492076427155031,0.8704022981433751,0.907563897864277,0.6848733786369146,0.30946481182486296,0.5139608193617844,0.5174497483512506,0.8286876228970479,0.9159770610652412,0.9125567491391475,0.8715724127386971,0.7191855733945387,0.7671761746949133,0.3078523386700981,0.3554841015277642,0.3006254655373769,0.40373901673704626,0.5678577862171522,0.4512085501204254,0.9749860257623262,0.912063094311008,0.9244858438145708,0.9276821300802534,0.7938926261462367,0.31837438476351076,0.4921463413440897,0.8293447300593402,0.28317045770622784,0.7612492823579744,0.868638668405062,0.8200548497424779,0.88581229169386,0.88581229169386,0.6627840772285782,0.31350610871209555,0.5687222730185734,0.8460715869352033,0.7931861783678947,0.7774222137239997,0.7567706260290852,0.7089335369005383,0.7788725544898452,0.4157553102174988,0.7737816117462751,0.19909248842397587,0.1880602016453069,0.17994515025752228,0.1564562445977885,0.17262959314133014,0.1732896980049473,0.1551902281321651,0.16543469682057088,0.1826347433988662,0.1766051102447702,0.1693440673381741,0.16738482267281957,0.18061609124220113,0.19631208013835666,0.1693440673381741,0.1866980943177698,0.1826347433988662,0.18466209628435687,0.1792751842154211,0.1970057998671445,0.24623081851964795,0.4356022017112186,0.7081403961302006,0.7431676902117453,0.8253871086329254,0.7832031184624164,0.8371511937918619,0.1949274180493662,0.17527597583490817,0.17994515025752228,0.1539284130647966,0.16220489619216988,0.1772711561380247,0.17262959314133014,0.15709082353631193,0.16543469682057088,0.1826347433988662,0.17461289136707453,0.1680368936738792,0.22403150734397093,0.264494059390295,0.5296531867879808,0.6353002229879319,0.1539284130647966,0.659479654649035,0.8200548497424779,0.658652328202546,0.8286876228970479,0.3521459749779767,0.7924788374936078,0.8846997775234475,0.9095760221444958,0.7590135046865651,0.5756304101236096,0.8326151773271804,0.6192667287892906,0.3306310398773543,0.48255025164874954,0.44426553389683715,0.8071426000494717,0.7774222137239997,0.8802029828000154,0.7649596321166025,0.8365062567548869,0.8602755558401651,0.7924788374936078,0.3022272487185175,0.5340076453326241,0.1476828950182027,0.8247240241650919,0.7839218725265505,0.8153379037156431,0.8578463668518679,0.48167814564672184,0.8416368868403996,0.7605048159202883,0.8078307376628292,0.8332662351247264,0.7860729367227581,0.3126967032920439,0.6652571963566115,0.49127379678135824,0.17461289136707453,0.1739507980848039,0.1772711561380247,0.16092016506596468,0.1628488062081383,0.1732896980049473,0.1680368936738792,0.16999916601953163,0.19770044256881258,0.263724617565473,0.4773185059353731,0.8352133094793996,0.7810416889260652,0.27612045608061514,0.5756304101236096,0.7953028338099626,0.6808122850410461,0.1880602016453069,0.1853398044750813,0.18466209628435687,0.15900081996875076,0.1628488062081383,0.17594004946843456,0.16027934786924175,0.15079235728449708,0.16349374324511334,0.17461289136707453,0.1539284130647966,0.1551902281321651,0.16999916601953163,0.17527597583490817,0.1647866905206004,0.20258860662432937,0.2745612296552846,0.5165775891942631,0.9493970231495834,0.31350610871209555,0.3546489032008738,0.45294584334074284,0.5531320356681166,0.8280295144952536,0.9164606203550498,0.8345653031794291,0.8923881852665414,0.8727379998414311,0.8057635200929156,0.9090748587125117,0.8756320667517554,0.8416368868403996,0.8698155474893048,0.5069810901695726,0.7612492823579744,0.862687185506144,0.8293447300593402,0.8460715869352033,0.911568184267221,0.31593772365766104,0.7215355954120901,0.912063094311008,0.9105746045668521,0.37396532087844314,0.8790671680988262,0.7960065893996098,0.9095760221444958,0.8460715869352033,0.8704022981433751,0.811939798354693,0.8680485435598673,0.897207310267709,0.9258634670715238,0.5157053795390641,0.9410634330088339,0.8602755558401651,0.9130491472478819,0.8473291852294986,0.7339649071302867,0.8390798349340353,0.45294584334074284,0.7634778977483389,0.8313100241078687,0.8153379037156431,0.9080687950400802,0.26912569338248304,0.7370441045235582,0.799511799257793,0.7981124374828079,0.8773547901113861,0.8377951038078302,0.8620859307187339,0.9029641411242579,0.8247240241650919,0.8813341648478441,0.992703949241745,0.975257865813892,0.9861849601988384,0.8918467286629199
sinTheta,0.39709526764494546,0.6646812248734246,0.6977275045915382,0.7136628469404005,0.675869418215168,0.6552269479927678,0.7749611905199943,0.34541722067917124,0.9924941883966378,0.960608172323776,0.19153629345374118,0.6437259539080745,0.7670793166210373,0.7749611905199943,0.6977275045915382,0.4493702064211426,0.66655784165784,0.9899569806343341,0.987812771551718,0.976658114971376,0.9657952157252112,0.9336741752616183,0.5960464745279868,0.9362518353632209,0.8347408300908483,0.8095698801802534,0.8799357236040347,0.7492942679152003,0.9892652117214851,0.9815490655588617,0.7654877252302247,0.9846325354743227,0.37760946682288754,0.6887043762780951,0.5857809377106397,0.8453811035735675,0.9051511593093365,0.421097597259388,0.9984726399586985,0.9723345858812605,0.695932566049185,0.5816430845449163,0.4906689014078589,0.4655908408572585,0.37023807713648865,0.573313418039279,0.5691217061937207,0.6777173923431119,0.9977365354255,0.9984726399586985,0.9953816413449323,0.9951479367139084,0.9980482857103211,0.997895295008335,0.9953816413449323,0.9974017115692927,0.9983369586251768,0.9974017115692927,0.993624764322336,0.9970438182214219,0.9977365354255,0.9958317662411548,0.9946632466455553,0.9968562218398896,0.9968562218398896,0.9953816413449323,0.9953816413449323,0.9964637325188842,0.9881844916547154,0.9612763673918584,0.9966628597427053,0.5327766327366446,0.8387705839993062,0.8195599856916042,0.833387029548143,0.9993503165771815,0.9980482857103211,0.9975720074454255,0.994908471570965,0.9962588407750017,0.9980482857103211,0.9974017115692927,0.994412262684677,0.9977365354255,0.9980482857103211,0.9964637325188842,0.994412262684677,0.9972256483158515,0.9960481851351943,0.9468403828199835,0.9599343219578875,0.896707738352948,0.9370998966615165,0.626158288465558,0.4838797286809878,0.6437259539080745,0.9578788596861304,0.45169979049223663,0.6868852474578103,0.7606826049653916,0.4678915410851411,0.25298668859294127,0.6320561206173646,0.6340127636960674,0.9974017115692927,0.980616581821997,0.40674387532689815,0.7780783450903795,0.47248047135273347,0.7765223150753671,0.4884100584348052,0.6359647463432186,0.6514121214448376,0.7903426162306431,0.9858681217789093,0.9750795285731538,0.8167317332203528,0.6813989542940604,0.5085870137836088,0.6162359186576144,0.6923281472969192,0.33286451946506274,0.8138826126641087,0.4609770052549585,0.5691217061937207,0.6021513092682509,0.5670191529321625,0.6102271730216031,0.9514077687336076,0.9700361836209046,0.9896139680051544,0.9981955070654223,0.9981955070654223,0.994412262684677,0.9980482857103211,0.9989576550279643,0.9974017115692927,0.9951479367139084,0.9977365354255,0.9983369586251768,0.9723345858812605,0.7590707991099055,0.6777173923431119,0.9862685210478004,0.9896139680051544,0.7426762823675348,0.7013028126702293,0.999988449424506,0.9997112426495963,0.9975720074454255,0.9966628597427053,0.9981955070654223,0.9993503165771815,0.9960481851351943,0.9960481851351943,0.9977365354255,0.999165531294198,0.9964637325188842,0.9951479367139084,0.9983369586251768,0.9975720074454255,0.9930709847210485,0.9927854632165506,0.9870521179923248,0.9599343219578875,0.9310463559922543,0.9842092147221678,0.9915858530047575,0.9638925542358968,0.9700361836209046,0.8195599856916042,0.8153097792890824,0.5980859724999907,0.7780783450903795,0.6721591118005722,0.5670191529321625,0.7749611905199943,0.7013028126702293,0.6887043762780951,0.8764348883967854,0.976658114971376,0.7013028126702293,0.8440695922222728,0.7525732112164666,0.7206179745254088,0.8505740663085575,0.9536155246332483,0.4655908408572585,0.8401032724229833,0.833387029548143,0.9387792656292087,0.7030831713155594,0.8607043782897467,0.854412941052128,0.7857819117062003,0.8479882094087082,0.7888275118696513,0.8237631614245161,0.8607043782897467,0.8680774804788547,0.9444808780231918,0.9092412993148494,0.7476472763651796,0.8095698801802534,0.741009294744139,0.8110126587385054,0.878774183367329,0.987812771551718,0.6795605729076252,0.7558320681840829,0.8251537487883627,0.8716915405751109,0.9578788596861304,0.3800588479210756,0.5414427632219408,0.5960464745279868,0.7638910729123258,0.6740166561530435,0.8427527805698969,0.8167317332203528,0.7426762823675348,0.808121906413027,0.8890330077482596,0.8879148416414002,0.891253024770087,0.8387705839993062
sinTau,0.5165775891942633,0.18196088986111808,0.30222724871851747,0.36974774567867574,0.3563197400751441,0.38837494199452416,0.3054380249298968,0.5427084615686838,0.0038340310572556047,0.7679133974894983,0.05852620357053656,0.06439309443990532,0.3273509005007327,0.33227421512487243,0.39689790730168517,0.537489363413164,0.24773618809249032,0.08257606836829673,0.9080687950400801,0.9752578658138917,0.9493970231495834,0.8692276703129419,0.38073327121070955,0.2387507176420256,0.52006589626628,0.41317591116653485,0.225488591000934,0.41317591116653485,0.030153689607045786,0.9090748587125117,0.9904775776745958,0.27924707360412754,0.5695865504800327,0.2606540710296965,0.42523232827814517,0.07052005153466773,0.2823844503138362,0.4243695898763904,0.014225440001176981,0.8668649322514381,0.9896114053108829,0.40802432469363986,0.35548410152776416,0.43041344951996735,0.45207712373988806,0.2537882199482664,0.9919425189667708,0.21751649828753106,0.033209786751399184,0.902446898677957,0.8835825759076498,0.8977367404274479,0.8977367404274479,0.8846997775234475,0.8818980143173211,0.8934675109806687,0.8874722443520897,0.8807691537683684,0.8813341648478441,0.903480156071901,0.8891215742630105,0.8756320667517556,0.8907602362094094,0.8966766701456176,0.8880232035332729,0.8818980143173211,0.8934675109806687,0.8835825759076498,0.8448097718678349,0.7693853925034315,0.05934827396750386,0.9505385106610458,0.007001981464747509,0.02781181488125939,0.05811718495565338,0.06655162553219857,0.9070577591781597,0.8891215742630105,0.8885729807284855,0.8950775061878452,0.8934675109806687,0.8824607004592159,0.8852566213878946,0.9003656854743667,0.8846997775234475,0.8784975278258782,0.8863667867486755,0.8934675109806687,0.8961448216775953,0.8326151773271804,0.5816629811208112,0.00017133751222142557,0.7424048101231685,0.9853582407890954,0.47208924750341824,0.0879369056889921,0.35882927157856176,0.6141754350553279,0.34052034535096504,0.3430037720162974,0.4677338458735212,0.6478540250220232,0.04252016607508757,0.23504036788339755,0.0008800860381174003,0.8498316702566827,0.0007796179090095445,0.20681382163210538,0.437333383217848,0.1464466094067262,0.45642212862617093,0.27534050069205174,0.39946103942701766,0.10068224497635364,0.01912934522539439,0.9110720205153686,0.004508400142581803,0.46512176312793724,0.42523232827814517,0.3866743462815724,0.33391943405814817,0.9950118288582788,0.116977778440511,0.46338090143618416,0.3613426733488111,0.32898992833716556,0.4468679643318833,0.5782172325201155,0.2652642186070546,0.6701897751065251,0.9865894363885441,0.9029641411242579,0.88581229169386,0.8880232035332729,0.8993177550236464,0.8896689824657371,0.8807691537683684,0.8846997775234475,0.9014087375955573,0.8998423292435453,0.8105738901391552,0.9937069033754558,0.382428943448705,0.013410563611455817,0.8626871855061438,0.9110720205153687,0.07459444528797443,0.026675369942151805,0.9065503805235138,0.8863667867486755,0.8907602362094094,0.8961448216775953,0.8880232035332729,0.8835825759076498,0.8863667867486755,0.8950775061878452,0.8852566213878946,0.883022221559489,0.8869201048632531,0.894005376803361,0.8846997775234475,0.8846997775234475,0.8874722443520897,0.8807691537683684,0.8656768508095852,0.9991709083070142,0.4973820180842901,0.9105746045668521,0.9431017896156073,0.009864412689139013,0.9080687950400802,0.13791406928126615,0.4209209663727582,0.2545481231924295,0.339693504707162,0.4217827674798845,0.2545481231924295,0.38922575119026614,0.34632169110009636,0.038060233744356575,0.6201140212386318,0.9822787092288989,0.03197023213051331,0.2394951840797117,0.35715581629751325,0.09703585887574212,0.5226814940646268,0.5539996778530114,0.08645971286271914,0.20540182132332896,0.36302039065378366,0.8644843137107057,0.04393994191386347,0.14215363314813212,0.1928573999505283,0.10385517832240465,0.2800304150720425,0.09859126240444266,0.1935464731735116,0.21035941382866047,0.21823697553121418,0.9939799328846946,0.562666616782152,0.3191877149589539,0.25912316294914217,0.025287261179048004,0.00010965826257719469,0.6961685583017807,0.9135402871372809,0.0909251412874883,0.06742428971514769,0.05730318712279209,0.5191939045437599,0.47993410373372014,0.40888223725392614,0.41489525041698366,0.19079580232122295,0.41317591116653485,0.05449673790581605,0.26680667983005435,0.3273509005007327,0.18806020164530696,0.29583476980930756,0.3579923276480387,0.3798859787613681,0.5618007383702464
hhm0,0.329043653797628,0.3218941879047859,0.24653040625788544,0.39372529228698794,0.11893346791151484,0.3467911514845655,0.27268904028934304,0.369921776431996,0.33846412650349056,0.5276305828917486,0.43409874674068466,0.27008158802254184,0.32349230381024474,0.491883253427538,0.07771889982336613,0.12120447472453529,0.5630414669021785,0.5076961897552359,0.3798469173185297,0.2268483472117083,0.336529565144251,0.2812683993607536,0.42888384220708214,0.40558499453276137,0.479350660274203,0.3227353015392379,0.28833375389015053,0.3569686264614349,0.38876272184372107,0.35503406510219526,0.2652031289427202,0.5731348305156027,0.7074606779375893,0.5867608713937252,0.4263605013037261,0.376230128690386,0.46479939439818313,0.37042644461266716,0.4712759693834637,0.5166961056438725,0.3921271763815291,0.2556144335099672,0.30019345613592396,0.14231642694928084,0.268904028934309,0.14483976785263689,0.585415089578602,0.4347716376482463,0.2101101858861132,0.1286903860711582,0.479350660274203,0.17764319959626546,0.44133232399697203,0.2500630835225839,0.4769114307342922,0.28690386071158214,0.4252670535789385,0.372445117335352,0.17705442005214903,0.352426612835394,0.2759693834637059,0.4028934309025149,0.175372192783245,0.3167633947346286,0.420472705862562,0.46883673984355284,0.3630246446294894,0.4790142148204222,0.4068466649844394,0.4767432080074018,0.4294726217511986,0.4364538649171503,0.33131466061064846,0.39111784002018674,0.4347716376482463,0.3567162923710993,0.27218437210867186,0.2166708722348389,0.22457734039868787,0.12843805198082262,0.27689460846160313,0.34266969467575065,0.37135166961056437,0.21885776768441415,0.3719404491546808,0.3032214652199512,0.3155017242829506,0.3915383968374127,0.34208091513163424,0.38926739002439226,0.38413659685423496,0.4392295399108419,0.39574396500967274,0.47775254436874415,0.3414080242240726,0.2216334426781058,0.2960719993271091,0.326940869711498,0.4791824375473126,0.4658928421229707,0.10421397930860458,0.3980990831861384,0.5431070737656658,0.506855076120784,0.36495920598872905,0.4731264193792581,0.4664816216670872,0.31844562200353266,0.3573891832786609,0.5126587601985029,0.4888552443435108,0.35688451509798974,0.4541172512406426,0.46202371940449155,0.3232399697199091,0.33577256287324414,0.35898729918411976,0.28875431070737656,0.3690806627975439,0.3879216082092691,0.32450164017158717,0.38413659685423496,0.4270333922112878,0.19042812683993607,0.22979224493229033,0.07898057027504415,0.3037261334006224,0.5843216418538144,0.32509041971570357,0.27100681302043905,0.23492303810244763,0.3287913197072925,0.2866515266212465,0.0932795020607284,0.5283034737993102,0.2812683993607536,0.2625956766759189,0.4224072672218016,0.4366220876440407,0.2688199175708638,0.3510808310202708,0.4080242240726722,0.41130456724703507,0.37328623096980396,0.4303978467490958,0.37034233324922194,0.47379931028681976,0.3668096559845235,0.34763226511901757,0.38211792413155016,0.07998990663638657,0.3337538901505593,0.3300529901589705,0.3431743628564219,0.10614854066784422,0.30103456977037596,0.386659937757591,0.11296156110690554,0.5723778282445958,0.3345108924215661,0.23029691311296155,0.1292791656152746,0.2716797039280006,0.39263184456220035,0.3922112877449743,0.4516780217007318,0.2599882244091176,0.31508116746572457,0.3080999242997729,0.29169820842795857,0.4425098830852048,0.4224913785852468,0.3708470014298932,0.511901757927496,0.4328370762890066,0.17192362688199175,0.43603330809992424,0.4255193876692741,0.4346034149213559,0.3379594583228194,0.42829506266296574,0.45840693077634787,0.3795945832281941,0.281016065270418,0.3681554377996467,0.4811169989065523,0.4237530490369249,0.33518378332912774,0.3625199764488182,0.5049205147615442,0.35385650601396246,0.32778198334595,0.29321221296997224,0.3794263605013037,0.2143998654218185,0.4074354445285558,0.33972579695516864,0.35587517873664726,0.359071410547565,0.36109008327024983,0.2825300698124316,0.34763226511901757,0.3125578265623685,0.4256876103961645,0.474724535284717,0.3942299604676592,0.32391286062747077,0.4674909580284296,0.3562957355538733,0.8411136344520144,0.2756329380099251,0.31878206745731347,0.4256034990327193,0.8411136344520144,0.8411136344520144,0.8411136344520144,0.8411136344520144,0.4656405080326352,0.28959542434182856,0.2894272016149382,0.32862309698040204,0.8411136344520144,0.3896879468416183,0.8411136344520144,0.36268819917570866,0.8411136344520144
hhm1,0.5906109223109144,0.336125819963645,0.28254168971785343,0.4568086619773966,0.511736347111357,0.503200821939461,0.4144471666798387,0.24571247925393186,0.7903264048051845,0.683395242235043,0.2821465265154509,0.43333596775468264,0.4160278194894491,0.5035959851418635,0.40433098869833245,0.3443452145736189,0.6956453015095234,0.5358413024579151,0.49814273294870776,0.51371216312337,0.5058879317157986,0.5429542401011618,0.6927210938117442,0.5807318422508496,0.5277799731289021,0.5150557180115387,0.5612107800521615,0.5298348217813956,0.5279380384098632,0.49055559946257804,0.35390816407176157,0.5794673200031613,0.6175610527147711,0.5229589820595906,0.4625780447324745,0.5669801628072394,0.5324428989172527,0.5057298664348375,0.6241997945151346,0.6140045838931478,0.3644195052556706,0.42543270370663083,0.23757211728443844,0.2841223425274638,0.33912906030190465,0.3456887694617877,0.7903264048051845,0.4534102584367343,0.5050185726705129,0.5078637477278115,0.6166126610290049,0.32561447877973604,0.6009641982138623,0.6185094444005373,0.6665612898126926,0.4231407571326958,0.7061566426934323,0.574409231012408,0.4430569825337864,0.5223267209357465,0.6071287441713428,0.6084722990595116,0.27637714376037303,0.6087884296214336,0.5838141152295898,0.5795463526436417,0.5689559788192523,0.49442819884612343,0.6027029163044336,0.5397139018414604,0.5773334387101873,0.47885876867146127,0.5223267209357465,0.5622382043784082,0.5410574567296292,0.4516715403461629,0.509760531099344,0.48518137990990273,0.4001422587528649,0.4510392792223188,0.42029558207539713,0.5687188808978108,0.5421639136963565,0.3667114518296056,0.5454042519560578,0.4311230538212281,0.40433098869833245,0.5603414210068759,0.6349482336204852,0.6460128032877578,0.6604757764956927,0.537975183750889,0.5389235754366553,0.5658737058405121,0.6475144234568877,0.2811191021892041,0.4600490002370978,0.38196475144234565,0.56097368213072,0.4810716826049158,0.3415000395163202,0.5358413024579151,0.4549909112463447,0.6228562396269659,0.4837587923812534,0.6049948628783687,0.5848415395558365,0.5128428040780842,0.4420295582075397,0.5311783766695645,0.3750889117205406,0.4233778550541373,0.3857583181854105,0.4817829763692405,0.43349403303564366,0.6145578123765114,0.6030980795068362,0.3868647751521378,0.3532759029479175,0.4738006796807081,0.5584446376353434,0.3753260096419821,0.5816802339366157,0.37682762981111195,0.2949498142732948,0.3167628230459179,0.4681103295661108,0.7366632419189125,0.4305698253378645,0.45617640085355254,0.44914249585078636,0.7998893543033272,0.6131352248478622,0.36275981980557964,0.5551252667351616,0.6647435390816406,0.5782818303959535,0.3567533391290603,0.6140836165336284,0.5767802102268237,0.64482731368055,0.5556784952185252,0.5896625306251482,0.6518612186833161,0.6026238836639531,0.44732474511973447,0.5906109223109144,0.4315972496641113,0.7073421323006401,0.7903264048051845,0.3817276535209041,0.501225005927448,0.5294396585789931,0.4387892199478384,0.4003793566743065,0.4770410179404094,0.5774124713506678,0.2168655654785426,0.584604441634395,0.5640559551094602,0.5822334624199794,0.4300956294949814,0.3854421876234885,0.5857899312416027,0.48889591401248716,0.488579783450565,0.3009562949498143,0.505650833794357,0.39318738639057926,0.4906346321030585,0.5368687267841619,0.4695329170947601,0.4163439500513712,0.6482257172212124,0.49758950446534417,0.3177902473721647,0.5106298901446297,0.39974709555046234,0.5765431123053821,0.6415869754208487,0.6952501383071208,0.6935904528570299,0.5975657946732,0.6073658420927842,0.6035722753497195,0.5770173081482651,0.4436102110171501,0.7903264048051845,0.7903264048051845,0.4901604362601754,0.49450723148660397,0.6138465186121868,0.7903264048051845,0.5885560736584209,0.3666324191891251,0.7903264048051845,0.7903264048051845,0.7903264048051845,0.7903264048051845,0.5005137121631233,0.7903264048051845,0.4938749703627598,0.32759029479174895,0.43025369477594244,0.6037303406306804,0.46139255512526667,0.7903264048051845,0.7903264048051845,0.36394530941278747,0.7903264048051845,0.7903264048051845,0.7903264048051845,0.7903264048051845,0.4719038963091756,0.7903264048051845,0.7903264048051845,0.7903264048051845,0.7903264048051845,0.7903264048051845,0.7903264048051845,0.39476803920018966,0.7903264048051845,0.7903264048051845,0.7903264048051845,0.7903264048051845,0.7903264048051845
hhm2,0.5822628458498024,0.6727602108036892,0.6567852437417655,0.669137022397892,0.8234519104084322,0.8234519104084322,0.7919137022397893,0.5120223978919631,0.26268115942028986,0.10531949934123849,0.5597002635046113,0.830368906455863,0.8234519104084322,0.8234519104084322,0.8234519104084322,0.7454710144927537,0.06908761528326747,0.5789690382081686,0.6005434782608695,0.5326910408432148,0.5499835309617919,0.34173254281949933,0.28507905138339923,0.3689064558629776,0.537302371541502,0.39031620553359686,0.3058300395256917,0.3353096179183136,0.25938735177865613,0.2570816864295125,0.37483530961791833,0.24843544137022402,0.6655961791831357,0.7047101449275363,0.5864624505928855,0.45174571805006586,0.7596343873517787,0.18544137022397894,0.14097496706192358,0.36289525691699603,0.7364953886693018,0.6968873517786562,0.7202733860342557,0.7230731225296443,0.8234519104084322,0.6519268774703557,0.5857213438735178,0.28409090909090906,0.47167325428194995,0.5602766798418972,0.036396574440052704,0.5922266139657444,0.32740447957839264,0.48970685111989465,0.6889822134387352,0.5466897233201582,0.21072134387351782,0.493741765480896,0.8234519104084322,0.39830368906455865,0.3657773386034256,0.42448945981554675,0.5083168642951251,0.3327569169960475,0.337203557312253,0.37491765480895917,0.39822134387351776,0.4449110671936759,0.3591897233201581,0.3103590250329381,0.2517292490118577,0.3476613965744401,0.3000658761528327,0.4407114624505929,0.34930830039525695,0.5305500658761528,0.30146574440052704,0.3134881422924901,0.5350790513833993,0.6369400527009222,0.36042490118577075,0.34156785243741766,0.8234519104084322,0.6550559947299078,0.2750329380764163,0.4980237154150198,0.635540184453228,0.4507575757575758,0.35350790513833996,0.5281620553359684,0.4487812911725956,0.36750658761528326,0.43387681159420294,0.5649703557312253,0.4067852437417655,0.6086133069828722,0.39064558629776025,0.5946146245059288,0.6277173913043479,0.6369400527009222,0.6662549407114625,0.4426054018445323,0.4775197628458498,0.07213438735177866,0.2501646903820817,0.21138010540184454,0.3892457180500659,0.42720685111989465,0.5290678524374176,0.606142951251647,0.8252635046113307,0.48781291172595526,0.6301877470355731,0.07814558629776021,0.46870882740447967,0.2567523056653492,0.5301383399209487,0.39221014492753625,0.5864624505928855,0.38166996047430835,0.3869400527009223,0.27742094861660077,0.25477602108036895,0.6015316205533597,0.4456521739130435,0.6191534914361002,0.5709815546772069,0.6583498023715415,0.5043642951251648,0.4342885375494071,0.41427865612648224,0.300971673254282,0.3978096179183136,0.6539855072463768,0.46772068511198944,0.4141963109354414,0.5700757575757577,0.8234519104084322,0.1827239789196311,0.34799077733860345,0.427536231884058,0.37944664031620556,0.3122529644268775,0.27050395256917,0.17341897233201584,0.5900032938076417,0.2476943346508564,0.42168972332015814,0.20413372859025036,0.19836956521739132,0.5928853754940712,0.7507411067193676,0.2682806324110672,0.5701581027667985,0.8234519104084322,0.5543478260869565,0.28903162055335974,0.7947957839262187,0.8234519104084322,0.3340744400527009,0.4572628458498024,0.642868906455863,0.6037549407114624,0.23542490118577075,0.40942028985507245,0.07633399209486166,0.40974967061923584,0.33390974967061926,0.3852108036890646,0.4393939393939394,0.21483860342555997,0.3162878787878788,0.8234519104084322,0.1998517786561265,0.7406126482213439,0.5941205533596838,0.5067523056653491,0.7474472990777339,0.2257905138339921,0.3689888010540185,0.15200922266139658,0.3600955204216074,0.23978919631093548,0.36651844532279315,0.2743741765480896,0.3987977602108037,0.607131093544137,0.2791501976284585,0.2692687747035573,0.5867094861660079,0.5187747035573123,0.3004776021080369,0.3243577075098814,0.4057971014492754,0.4567687747035573,0.3240283267457181,0.40950263504611334,0.32740447957839264,0.2878787878787879,0.5537714097496707,0.33638010540184454,0.3231225296442688,0.8234519104084322,0.37524703557312256,0.4683794466403162,0.3664361001317523,0.3322628458498024,0.24761198945981558,0.45215744400527014,0.37590579710144933,0.4227602108036891,0.4227602108036891,0.46146245059288543,0.46673254281949933,0.39813899868247693,0.4683794466403162,0.8234519104084322,0.8234519104084322,0.2528820816864295,0.8234519104084322,0.19351119894598157,0.25634057971014496,0.2766798418972332,0.37038866930171277,0.8234519104084322,0.8234519104084322
hhm3,0.5867314431347563,0.67696718700223,0.6739407454603377,0.7964319847085058,0.7964319847085058,0.7607518317935649,0.4161357120101943,0.5636349155782095,0.31307741318891363,0.24601784007645747,0.490920675374323,0.7914144632048423,0.6585696081554635,0.7964319847085058,0.6830997132844855,0.7708665179993628,0.20396623128384836,0.5596527556546671,0.5223797387703091,0.45524052245938196,0.524530105129022,0.37010194329404267,0.4123924816820644,0.3849155782096209,0.44902835297865556,0.38857916533928,0.286237655304237,0.3532972284166932,0.32574068174577886,0.3377668047148773,0.34374004460019114,0.22905383880216632,0.5466709143039185,0.7964319847085058,0.4473558458107677,0.24219496654985662,0.7812201338005734,0.37225230965275563,0.2438674737177445,0.4414622491239248,0.6831793564829564,0.6348359350111501,0.7964319847085058,0.7046033768716151,0.7288149092067537,0.7381331634278432,0.6734628862695126,0.3032812997769991,0.467505575023893,0.6580917489646384,0.3973399171710736,0.46702771583306785,0.31339598598279705,0.32422746097483274,0.6542688754380376,0.410958904109589,0.218540936604014,0.3566422427524689,0.576218540936604,0.26640649888499524,0.25565466709143037,0.16820643517043643,0.43079006052883084,0.26457470532016564,0.2629021981522778,0.26744186046511625,0.21320484230646702,0.3620579802484868,0.28281299776999047,0.324068174577891,0.3093341828607837,0.2224434533290857,0.19385154507805033,0.4463204842306467,0.43644472762026115,0.5850589359668684,0.24346925772539027,0.25318572793883404,0.48319528512265053,0.547945205479452,0.3141924179675056,0.3751194647977063,0.5533609429754699,0.4512583625358394,0.2854412233195285,0.3478018477222045,0.5430073271742593,0.4502230009557184,0.2682382924498248,0.38395985982797065,0.3478814909206754,0.4032335138579165,0.4662312838483594,0.5200700860146543,0.3443771901879579,0.5601306148454922,0.3302007008601465,0.5415737496017841,0.6091111819050653,0.6632685568652437,0.7183020070086015,0.45619624084103216,0.49044281618349794,0.3008920038228735,0.2222045237336731,0.23813316342784324,0.2659286396941701,0.4475947754061803,0.32709461611978335,0.5946957629818413,0.6739407454603377,0.29364447276202615,0.5785281936922587,0.2842465753424657,0.4947435489009238,0.40020707231602415,0.5712010194329403,0.40395030264415416,0.4469576298184135,0.27277795476266326,0.1653392800254858,0.3218381650207072,0.3378464479133482,0.5776521185090793,0.6288626951258363,0.6447116916215355,0.5073271742593183,0.6983912073908888,0.40673781459063396,0.39749920356801527,0.3077413188913667,0.2577253902516725,0.30017521503663586,0.6171551449506212,0.35162472124880534,0.31857279388340237,0.30654667091430393,0.7964319847085058,0.11309334182860782,0.2906180312201338,0.2956355527237974,0.4762663268556865,0.30614845492194964,0.18994902835297864,0.261707550175215,0.42505575023892955,0.33633322714240205,0.23821280662631408,0.12065944568333864,0.09875756610385472,0.678002548582351,0.34469576298184135,0.17919719655941382,0.3982956355527238,0.6723478814909206,0.3568015291494106,0.24649569926728257,0.7111341191462249,0.6725071678878624,0.27731761707550173,0.23590315387065944,0.6064033131570563,0.5013539343740044,0.17983434214718064,0.33203249442497607,0.27564510990761387,0.3836412870340873,0.42354252946798343,0.40761388977381335,0.35688117234788147,0.2930869703727301,0.2624243389614527,0.6645428480407773,0.133800573431029,0.7336731443134756,0.47156737814590627,0.4606562599553998,0.7964319847085058,0.27811404906021026,0.3258203249442498,0.22459381968779862,0.23200063714558777,0.28615801210576614,0.23821280662631408,0.12496017840076458,0.11404906021025804,0.46463841987894233,0.19703727301688437,0.2265848996495699,0.3685887225230965,0.36675692895826695,0.19361261548263778,0.27038865880853774,0.274530105129022,0.20946161197833704,0.13714558776680472,0.19154189232239566,0.15546352341510036,0.7964319847085058,0.18755973239885312,0.3194488690665817,0.20539980885632367,0.3160242115323351,0.47029308697037275,0.7964319847085058,0.393915259636827,0.381650207072316,0.2456196240841032,0.23303599872570885,0.2823351385791653,0.3481204205160879,0.3411914622491239,0.7964319847085058,0.28042370181586496,0.10409366040140172,0.29953806944886907,0.3014495062121695,0.2925294679834342,0.273972602739726,0.7964319847085058,0.24036317298502707,0.3508282892640968,0.1294201975151322,0.1960019114367633,0.2608314749920357,0.0
hhm4,0.7832969873192795,0.5086826589128504,0.6619820692997335,0.4058638236006784,0.5534286406590744,0.3210564574751636,0.5191826185283903,0.26750666343590984,0.80768920119538,0.6649705193441564,0.26128745658670544,0.5560132461028996,0.5738631774493175,0.32396413859946693,0.46119053388256204,0.60140537921008,0.5033519101849608,0.6405783054680559,0.6875050480575075,0.43106372667797427,0.4834827558355545,0.41579840077538166,0.5657055165172442,0.43760600920765685,0.31903723447217514,0.5031903723447217,0.49115580324691055,0.3753331717954931,0.5150634036022939,0.43760600920765685,0.33583716985703904,0.5668362813989177,0.6241014457636702,0.3855908246506744,0.1460302075761247,0.5734593328487197,0.4305791131572571,0.5983361602455375,0.80768920119538,0.46119053388256204,0.4149099426540668,0.33034488328891043,0.29246425975284707,0.4965673208949197,0.23536063322833373,0.6985703901138842,0.7933931023342218,0.33616024553751717,0.34795250787496973,0.5634439867538971,0.5491478878927388,0.30037961392456186,0.4460867458202084,0.3770293191180034,0.2580566997819239,0.41620224537597933,0.5193441563686294,0.32380260075922784,0.3507794200791536,0.5675632016799935,0.4006138437929085,0.3591793877715855,0.48364429367579354,0.4791212341490994,0.35627170664728214,0.29343348679428155,0.43849446732897185,0.2828527582586221,0.3120103384217753,0.34843712139568694,0.4996365398594621,0.45472902027299894,0.5263710524190292,0.4751635570632421,0.5049672885873516,0.43494063484371215,0.39286002746143284,0.6749050965188595,0.31104111138034085,0.4282368144737905,0.6934011792262338,0.29585655439786773,0.33696793473871256,0.48622889911961875,0.634439867538971,0.3656409013811485,0.2650835958323237,0.324125676439706,0.49277118164930134,0.29585655439786773,0.46312898796543095,0.3558678620466844,0.41062918988773117,0.14619174541636382,0.3958484775058557,0.4213714562636298,0.3817946854050561,0.24044907519586464,0.3767870123576448,0.3049834423713755,0.4099022696066553,0.5627978353929408,0.2639528309506502,0.5426863742831759,0.49107503432679106,0.44010984573136264,0.7345933284871982,0.39326387206203056,0.2983603909215734,0.42831758339391,0.1572570874727405,0.38752927873354337,0.351748647120588,0.5810516113399564,0.43469832808335357,0.46458282852758265,0.49519424925288746,0.49107503432679106,0.252968257814393,0.2755027865277441,0.47298279622001455,0.39310233422179147,0.38478313544947906,0.18205314594943864,0.3599870769727809,0.5968015507632664,0.4312252645182134,0.7755431709878039,0.36927550278652777,0.5674016638397544,0.5800016153784023,0.445279056619013,0.2317260318229545,0.628139891769647,0.4216137630239884,0.5681285841208303,0.25749131734108716,0.35336402552297874,0.6670705112672644,0.4920442613682255,0.3758177853162103,0.30142960988611583,0.465390517728778,0.5001211533801793,0.4503674985865439,0.40053307487278894,0.6630320652612874,0.4291252725951054,0.675712785720055,0.616428398352314,0.7171472417413779,0.35562555528632583,0.48679428156045557,0.3171795493094257,0.5875131249495195,0.5413940715612633,0.49115580324691055,0.5677247395202326,0.25684516598013085,0.5925207979969308,0.5776593166949358,0.5581940069461272,0.34205637670624345,0.4528713351102496,0.41499071157418627,0.4607866892819643,0.36491398110007267,0.3913254179791616,0.622728374121638,0.5308133430256038,0.39003311525724904,0.5432517567240126,0.29908731120264925,0.6402552297875778,0.4193522332606413,0.34286406590743884,0.48396736935627166,0.3591793877715855,0.6690897342702529,0.602293837331395,0.7246587513124949,0.4924481059688232,0.5071480494305791,0.37202164607059207,0.46684435829092963,0.3447217510701882,0.43106372667797427,0.6249091349648656,0.80768920119538,0.2586220822227607,0.4671674339714078,0.6443744447136741,0.3973023180680074,0.40134076407398434,0.4658751312494952,0.5242710604959212,0.48364429367579354,0.33866408206122284,0.80768920119538,0.5010903804216137,0.5186172360875535,0.4474598174622405,0.2591874646635975,0.44479444309829574,0.13997253856715935,0.80768920119538,0.80768920119538,0.80768920119538,0.80768920119538,0.3474678943542525,0.80768920119538,0.31273725870285113,0.3416525321056457,0.80768920119538,0.80768920119538,0.80768920119538,0.2734027946046362,0.2763104757289395,0.80768920119538,0.30571036265245133,0.80768920119538,0.80768920119538,0.3872062030530652,0.80768920119538,0.80768920119538,0.80768920119538
hhm5,0.25041418157720347,0.5922796554009278,0.5305666003976143,0.7288767395626242,0.09004307488402916,0.6122432074221338,0.48334990059642147,0.17917495029821073,0.3991053677932405,0.23749171636845592,0.07993704440026507,0.3993538767395626,0.6189529489728296,0.7287110669317429,0.23633200795228626,0.2731113320079523,0.6517561298873427,0.3785619615639496,0.5197150430748839,0.3471669980119284,0.3194168323392975,0.4064777998674619,0.10611332007952286,0.346752816434725,0.5100231941683234,0.5413353214049038,0.5017395626242545,0.3784791252485089,0.35304837640821735,0.3959575878064943,0.4767229953611663,0.47953943008614974,0.6186216037110669,0.6916832339297547,0.5762922465208747,0.5681742876076872,0.6553180914512923,0.25646123260437376,0.335818422796554,0.3229787939032472,0.5583996023856859,0.1771040424121935,0.4526176275679258,0.17983764082173623,0.30334658714380386,0.4359675281643472,0.009111994698475812,0.43580185553346584,0.37060967528164346,0.21098409542743538,0.4633863485752154,0.23881709741550694,0.5624585818422797,0.5526010603048377,0.746520874751491,0.4075546719681909,0.43555334658714384,0.5110172299536117,0.426441351888668,0.4710901259111994,0.45742213386348574,0.3996023856858847,0.5281643472498343,0.4939529489728297,0.44292577866136507,0.5409211398277005,0.3581013916500994,0.469599072233267,0.5077866136514247,0.3097249834327369,0.17089131875414182,0.37069251159708416,0.43497349237905897,0.45584824387011263,0.3801358515573227,0.5012425447316103,0.4208084824387011,0.3549536116633532,0.6462060967528164,0.4664512922465209,0.3991053677932405,0.5565772034459907,0.6630218687872763,0.3229787939032472,0.46454605699138496,0.5526010603048377,0.5416666666666666,0.5155732273028495,0.38336646785950956,0.3541252485089463,0.24826043737574555,0.20029821073558646,0.4212226640159045,0.4452451954937044,0.12433730947647449,0.4838469184890655,0.24511265738899932,0.3914015904572564,0.666832339297548,0.6207753479125248,0.16964877402253148,0.0352882703777336,0.5325546719681908,0.403247183565275,0.32770046388336643,0.23475811795891316,0.10064612326043737,0.3055003313452618,0.365142478462558,0.62019549370444,0.3249668654738237,0.3554506295559973,0.557819748177601,0.41045394300861493,0.3856858846918489,0.33101391650099404,0.029821073558648114,0.3433565275016567,0.5412524850894632,0.4227137176938369,0.3272034459907223,0.30873094764744863,0.39347249834327364,0.317428760768721,0.3076540755467197,0.3992710404241219,0.41211066931742873,0.010437375745526839,0.39579191517561296,0.07239893969516235,0.28636514247846256,0.4382041086812459,0.41998011928429424,0.3643141153081511,0.5972498343273691,0.16906891981444666,0.5493704440026508,0.6352717031146454,0.5338800530152418,0.463220675944334,0.2972995361166335,0.6529158383035123,0.38543737574552683,0.4357190192180252,0.25115970841616964,0.5378561961563949,0.4384526176275679,0.4812789927104042,0.536779324055666,0.42917495029821073,0.2844599072233267,0.7011265738899933,0.44002650762094103,0.5965871438038436,0.30682571239231277,0.5570742213386348,0.4541915175612989,0.403247183565275,0.8199966865473823,0.45145791915175615,0.4391981444665341,0.30260106030483763,0.47904241219350563,0.3359012591119947,0.3951292246520875,0.4777170311464546,0.3346587143803843,0.2835487077534791,0.3810470510271703,0.0859012591119947,0.19358846918489064,0.241467859509609,0.5410868124585818,0.5815937707090788,0.5195493704440026,0.2432074221338635,0.665258449304175,0.6967362491716368,0.3188369781312127,0.48301855533465865,0.2866136514247846,0.13916500994035785,0.2385685884691849,0.35801855533465865,0.6790092776673293,0.5742213386348576,0.5450629555997348,0.4572564612326044,0.36381709741550694,0.8283631544068919,0.4884857521537442,0.44955268389662023,0.3179257786613651,0.557819748177601,0.4380384360503645,0.4752319416832339,0.36174618952948967,0.3523856858846918,0.43389662027833004,0.29498011928429424,0.32645791915175615,0.31088469184890655,0.3351557322730285,0.37607687210072893,0.8283631544068919,0.2614314115308151,0.4748177601060305,0.08540424121935056,0.37690523525513586,0.4343936381709741,0.4997514910536779,0.8283631544068919,0.8283631544068919,0.4908051689860835,0.31370112657389,0.46429754804506296,0.8283631544068919,0.8283631544068919,0.8283631544068919,0.8283631544068919,0.8283631544068919,0.8283631544068919,0.37963883366467854,0.8283631544068919,0.8283631544068919,0.8283631544068919
hhm6,0.6865383066140336,0.6678482236365101,0.6764682188028679,0.5675501490372996,0.805607024893257,0.6251510513171674,0.5298477402722951,0.521388866510916,0.4586320792717312,0.4618545073713043,0.4526705872875211,0.805607024893257,0.6525416901635382,0.805607024893257,0.7378554740997342,0.6019495690002417,0.46717151373559973,0.5331507290743576,0.5037460726657536,0.5251752195279142,0.517441392088939,0.4533150729074357,0.5685974381696608,0.4705550632401514,0.5043099975831788,0.48425038266333675,0.4265689196809796,0.43623620397969864,0.42084910980423745,0.40191734471924595,0.45524852976717955,0.41520986062998466,0.41351808587770883,0.5254974623378715,0.27229517441392087,0.40747603319100945,0.6067026504471119,0.38153548698944656,0.47909449770401996,0.18311447675823733,0.5804398614355917,0.548618383952308,0.805607024893257,0.6585031821477483,0.5205832594860227,0.6942721340530089,0.598082655280754,0.4525900265850318,0.4886812213002497,0.5039877547732217,0.44429227422863127,0.5683557560621928,0.5333924111818255,0.3974059453798437,0.6767099009103359,0.4322887295577217,0.3744461451703859,0.3754934343027471,0.7584790139370015,0.46846048497542897,0.4834447756384435,0.42552163054861836,0.5392733424635463,0.38822202529606054,0.4455006847659711,0.23974865060823328,0.4160154676548779,0.401192298396842,0.49689841295416093,0.34713606702650446,0.4012728590993313,0.3650205429791348,0.4521872230725852,0.5031821477483284,0.4496898412954161,0.633448803673568,0.3862885684363167,0.42785789092080884,0.5318617578345283,0.3573672762426488,0.32667364859421577,0.5264641907677434,0.541931845645694,0.49166196729235473,0.3564005478127769,0.37879642310480943,0.5352453073390799,0.3402884073149118,0.47240795939740593,0.36155643277209376,0.5398372673809716,0.49158140658986543,0.4824780472085716,0.5020542979134778,0.5002819624587126,0.805607024893257,0.44227825666639803,0.6568114073954725,0.49810682349150076,0.7894143236929025,0.6287762829291871,0.6419882381374366,0.42842181583823413,0.44405059212116327,0.4202851848868122,0.45460404414726496,0.5962297591234995,0.45911544348666716,0.2635946185450737,0.6270039474744219,0.4878756142753565,0.3613953113671151,0.6770321437202932,0.4308386369129139,0.506807379360348,0.4336582615000403,0.6451301055345202,0.5275114799001047,0.5245307339079996,0.4558930153870941,0.531297832917103,0.48513655039071935,0.42552163054861836,0.46942721340530086,0.4695883348102795,0.770482558607911,0.3447192459518247,0.805607024893257,0.4877144928703778,0.5254974623378715,0.4420365745589301,0.3747683879803432,0.6028357367276242,0.5988882623056472,0.49174252799484414,0.6797712076049303,0.48513655039071935,0.7889309594779665,0.43768629662450653,0.4803834689438492,0.30443889470716184,0.39877547732216223,0.3863691291388061,0.5277531620075727,0.4910174816724402,0.5705308950294047,0.587932006767099,0.4993152340288407,0.6010634012728591,0.44380891001369527,0.6968500765326673,0.5418512849432047,0.44445339563360986,0.40175622331426725,0.8130186095222751,0.5997744300330299,0.4885200998952711,0.6308708611939096,0.7123982921131071,0.4385724643518891,0.3738822202529606,0.7306855715781841,0.4435672279062273,0.4705550632401514,0.511238217997261,0.49947635543381935,0.5604608072182389,0.5272697977926367,0.6311125433013776,0.5101103681624103,0.4682993635704503,0.4711189881575767,0.6624506565697252,0.41158462901796505,0.805607024893257,0.39692258116490775,0.4670103923306211,0.6862160638040763,0.5929267703214371,0.5364537178764199,0.5061628937404333,0.510513171674857,0.533795214694272,0.4012728590993313,0.5732699589140418,0.40014500926448077,0.5673890276323209,0.6570530895029404,0.38258277612180774,0.2768871344558124,0.5122049464271329,0.47192459518246993,0.48626440022556994,0.4425199387738661,0.805607024893257,0.805607024893257,0.5705308950294047,0.805607024893257,0.5582856682510271,0.397728188189801,0.805607024893257,0.48215580439861433,0.5392733424635463,0.805607024893257,0.805607024893257,0.4716023523725127,0.5207443808910013,0.805607024893257,0.805607024893257,0.4594376862966245,0.805607024893257,0.805607024893257,0.805607024893257,0.805607024893257,0.341335696447273,0.41819060662208973,0.805607024893257,0.42052686699428016,0.4330943365826149,0.439539192781761,0.39853379521469423,0.805607024893257,0.379682590832192,0.805607024893257,0.805607024893257,0.805607024893257
hhm7,0.5127417869204789,0.3489407430150445,0.17201412342646608,0.14422781700951798,0.5014583972981271,0.12918329751304883,0.3243782622044826,0.4550967147681916,0.5165029167945964,0.7675775253300584,0.42769419711390855,0.17009517961314094,0.19020571077678847,0.14722136935830518,0.32253607614369056,0.4322229045133559,0.5068314399754376,0.539453484801965,0.4284617746392386,0.2684218606079214,0.3721983420325453,0.39384402824685294,0.5174240098249924,0.2964384402824685,0.25882714154129566,0.16994166410807493,0.26995701565858155,0.36406202026404666,0.5049892539146454,0.4829597789376727,0.29782007982806263,0.48710469757445507,0.6008596868283698,0.09318391157506908,0.30334663801043904,0.3972981271108382,0.11529014430457477,0.6429996929689898,0.7675775253300584,0.5627878415719988,0.12342646607307338,0.2652747927540682,0.19143383481731657,0.4043598403438748,0.25061406202026404,0.3657506908197728,0.682990482038686,0.3077218299048204,0.3067239791218913,0.4828062634326067,0.5010746085354622,0.2745624808105619,0.381332514583973,0.28177770954866443,0.2011053116364753,0.2208320540374578,0.5511974209395148,0.29574762050967146,0.2119281547436291,0.3771875959471907,0.36882100092109305,0.3272182990482039,0.2509978507829291,0.3764200184218606,0.3583819465766042,0.47374884863371197,0.46323303653669023,0.2988179306109917,0.3792600552655818,0.42454712926005533,0.5036843721215843,0.39622351857537613,0.3246852932146147,0.18690512741786922,0.3618360454405895,0.24002149217070923,0.38578446423088736,0.39008289837273563,0.2357230580288609,0.2731808412649678,0.5192661958857845,0.3114829597789377,0.197344181762358,0.407890696960393,0.4811175928768806,0.24907890696960394,0.28438747313478663,0.4809640773718146,0.4523334356770034,0.41119128031931224,0.43659809640773717,0.5127417869204789,0.4448879336813018,0.33481731654897146,0.407737181455327,0.3065704636168253,0.4826527479275407,0.24240098249923245,0.1278016579674547,0.15574147988946885,0.3250690819772797,0.6042370279398219,0.23887012588271414,0.4170248695118207,0.46292600552655816,0.5118974516426159,0.47958243782622045,0.43360454405894994,0.460316241940436,0.1720908811789991,0.36766963463309793,0.420862757138471,0.16065397605158122,0.5854313785692355,0.39522566779244706,0.2856923549278477,0.6380871968068775,0.4040528093337427,0.27494626957322693,0.2674240098249923,0.49224746699416644,0.40881178999078904,0.4719066625729199,0.394381332514584,0.2840036843721216,0.36882100092109305,0.1366287995087504,0.5837427080135094,0.43260669327602086,0.6145993245317777,0.5445962542216765,0.39230887319619284,0.31401596561252687,0.223595333128646,0.2985108996008597,0.5622505373042678,0.2115443659809641,0.27817009517961316,0.4752840036843721,0.6958090267116979,0.381562787841572,0.30848940743015046,0.4694504144918637,0.5368437212158428,0.5673933067239791,0.30587964384402827,0.525330058335892,0.32422474669941664,0.48081056186674853,0.514123426466073,0.46077678845563397,0.15796745471292603,0.4417408658274486,0.23495548050353085,0.2517654283082591,0.20271722443966841,0.459241633404974,0.25475898065704633,0.1801504451949647,0.3854006754682223,0.31186674854160273,0.36383174700644766,0.19496469143383482,0.5713079521031624,0.38363524715996317,0.4943966840650906,0.24309180227202948,0.3541602701872889,0.41978814860300895,0.4262357998157814,0.5931839115750691,0.4692968989867977,0.13064169481117593,0.3781854467301198,0.13033466380104392,0.41571998771875956,0.16119128031931226,0.12150752225974823,0.6744703715075223,0.35108996008596866,0.5313171630334664,0.6635707706478355,0.3575376112987412,0.2860761436905127,0.4973902364138778,0.34249309180227205,0.11636475284003686,0.5488179306109917,0.4266963463309794,0.24017500767577526,0.18759594719066627,0.3302118513969911,0.4034387473134786,0.17638931532084742,0.4610070617132331,0.3560024562480811,0.3129413570770648,0.33397298127110836,0.35439054344488796,0.3370432913724286,0.41495241019342954,0.7675775253300584,0.2905280933374271,0.31877494626957326,0.26788455634019037,0.7675775253300584,0.2793214614676082,0.7675775253300584,0.4585508136321769,0.23480196499846487,0.46960392999692974,0.17815474362910655,0.15297820079828064,0.28477126189745167,0.7675775253300584,0.7675775253300584,0.1905127417869205,0.22006447651212774,0.408044212465459,0.15090574147988947,0.2024101934295364,0.12810868897758673,0.2800890389929383,0.2810868897758674,0.7675775253300584,0.7675775253300584
hhm8,0.6235359732292247,0.6687913313680185,0.7967492630069316,0.7967492630069316,0.7967492630069316,0.6093538363477013,0.1512230101187156,0.3977372320930603,0.13720022308979363,0.36212254003665045,0.3644331128993705,0.5357342044458608,0.6522189466974743,0.7967492630069316,0.7967492630069316,0.5956497490239822,0.46004302446020234,0.1551270815074496,0.23950282845988363,0.39200063739941043,0.41247709345868855,0.4852203011712214,0.2839614373356704,0.2518524420364911,0.49956178790534617,0.3696119831089156,0.36060871643693726,0.27679069396860806,0.2539239901203091,0.3560672456377978,0.3760656521392718,0.24882479483706477,0.045494382917695794,0.6376384351844474,0.3730380049398454,0.17552386264042705,0.586327782646801,0.39470958489363395,0.27926061668392954,0.2664329535495179,0.46442514540674046,0.790693968608079,0.6879133136801847,0.7362759939447056,0.7362759939447056,0.679547446418612,0.7967492630069316,0.4954983666640108,0.5266512628475818,0.5038642339255835,0.6981117042466735,0.5778822404589274,0.3385387618516453,0.3483387777866305,0.6613018882957532,0.3602103418054338,0.26005895944546253,0.2889809576926141,0.6938889331527368,0.23241176001912198,0.26475978009720336,0.28029639072583856,0.4097681459644649,0.2733646721376783,0.39144291291530553,0.3136005099195283,0.22683451517807346,0.32260377659150663,0.29662975061748065,0.383794119990439,0.3310493187793801,0.3053143175842562,0.3252330491594295,0.3856266432953549,0.31925742968687754,0.5742171938490956,0.2472312963110509,0.323559875707115,0.47765118317265554,0.45207553183013305,0.27878256712612537,0.3370249382519321,0.42729662975061744,0.2508166679945821,0.3213289777706955,0.3395745358935543,0.4247470321089953,0.46928531591108275,0.2929647040076488,0.2893793323241176,0.27615329455820253,0.306668791331368,0.4207632857939606,0.47629670942554375,0.503226834515178,0.6747669508405704,0.47334873715241804,0.744721536132579,0.7825671261254082,0.6761214245876822,0.5866464823520038,0.6845669667755556,0.37144450641383153,0.38395346984304035,0.24515974822723285,0.29535495179666954,0.24786869572145642,0.35774041909011234,0.29017608158712455,0.7036092741614214,0.7015377260776032,0.31766393116086367,0.5234642657955542,0.47247231296311043,0.5072105808302128,0.48569835072902556,0.4994821129790455,0.47908533184606794,0.46729344275356544,0.42681858019281327,0.2589435104772528,0.4070591984702414,0.21846864791650067,0.4658592940801529,0.412875468090192,0.674368576209067,0.6306270416699864,0.6079993626005895,0.28475818659867735,0.31176798661461236,0.3616444904788463,0.3190184049079754,0.383794119990439,0.7241654051470002,0.25217114174169386,0.37821687514939045,0.48330810294000476,0.6753246753246753,0.30483626802645203,0.16413034817942793,0.308740339415186,0.35335829814357417,0.18134013226037765,0.24444267389052665,0.3103338379411999,0.3861843677794598,0.40833399729105246,0.3049159429527527,0.27240857302206994,0.33837941199904387,0.5844952593418851,0.3092980638992909,0.21496295115927014,0.4458608875786789,0.6657636841685921,0.25065731814198067,0.17297426499880486,0.7451199107640825,0.6036969165803522,0.21074018006533343,0.30148992112182293,0.5015536610628635,0.41096326985897536,0.280694765357342,0.3356704645048203,0.3891323400525854,0.2867500597561947,0.2987012987012987,0.3616444904788463,0.43327224922316937,0.3169468568241574,0.2889809576926141,0.6337343637957135,0.40251772767110183,0.6881523384590869,0.3982949565771651,0.3833160704326348,0.6040156162855549,0.29049478129232725,0.13935144609991235,0.29925902318540354,0.20691578360290014,0.3404509600828619,0.3556688710062943,0.23456298302924067,0.3618038403314477,0.5327065572464345,0.27368337184288105,0.2040474862560752,0.35200382439646244,0.5687992988606485,0.2598199346665604,0.22213369452633253,0.4092104214803601,0.1968767428890128,0.20420683610867657,0.21153692932834037,0.3109712373516054,0.15903115289618355,0.297585849733089,0.29352242849175364,0.24316787506971557,0.39447056011473186,0.21313042785435424,0.3811648474225161,0.27583459485299977,0.2387060791968767,0.31352083499322764,0.33248346745279256,0.7967492630069316,0.1760815871245319,0.7967492630069316,0.3409290096406661,0.12915305553342363,0.29662975061748065,0.10875627440044618,0.428969803202932,0.2916899051868377,0.26627360369691655,0.7967492630069316,0.3862640427057605,0.2426101505856107,0.7967492630069316,0.7967492630069316,0.2076328579396064,0.7967492630069316
hhm9,0.552403011001737,0.3273223591694929,0.29398626850856147,0.18190090164612457,0.640913226900488,0.1900901646124576,0.38075936802051447,0.4476797088262056,0.5452063859707171,0.7523368351393829,0.712300438415088,0.3331954669534287,0.23153279841177926,0.11084456944329556,0.36768963520555875,0.5993878732732235,0.3779468938704607,0.43287285962445193,0.289353958143767,0.24807676400033085,0.39755149309289434,0.3910166266854165,0.4753908511870295,0.29398626850856147,0.12474150053767886,0.27413350980229956,0.278434940855323,0.45297377781454207,0.5197286789643477,0.488874183141699,0.3544544627347175,0.5265117048556538,0.5767226404169079,0.20531061295392505,0.352221027380263,0.3870460749441641,0.15915294896186613,0.5268425841674249,0.5160890065348663,0.4988832823227727,0.27280999255521543,0.22417073372487384,0.20076102241707336,0.3405575316403342,0.3080486392588303,0.52849698072628,0.8281909173628919,0.17329803954007775,0.2783522210273803,0.5187360410290346,0.45049218297625937,0.4068161138224832,0.29936305732484075,0.3451898420051286,0.10025643146662254,0.29167011332616427,0.4661262304574406,0.25940938042848866,0.1400446687070891,0.42063032508892373,0.34882951443460997,0.3434527256183307,0.22483249234841587,0.33642154024319626,0.19985110430970304,0.3840681611382248,0.3968897344693523,0.17404251799156256,0.38597071718090825,0.3250889238150384,0.4067333939945405,0.38663247580445026,0.4293986268508561,0.238812143270742,0.3273223591694929,0.22607328976755725,0.396641574985524,0.4443709157084953,0.16130366448837785,0.2853006865745719,0.49226569608735204,0.20746132848043677,0.12432790139796507,0.3899412689221606,0.4600876830176193,0.2458433286458764,0.13532963851435187,0.351890148068492,0.38555711804119447,0.4355198941186202,0.3126809496236247,0.44999586400860286,0.409628587972537,0.19224088013896928,0.3786086524940028,0.3609893291421954,0.4387459674083877,0.17263628091653568,0.12350070311853749,0.15170816444701796,0.4537182562660269,0.6084043345189842,0.2825709322524609,0.5157581272230953,0.41351641988584664,0.3968897344693523,0.532963851435189,0.396641574985524,0.3956489370502109,0.07883199602944825,0.3910993465133592,0.33799321697410867,0.2695011994375051,0.5378443212838117,0.3042435271734635,0.2699147985772189,0.5377616014558689,0.4357680536024485,0.26453800976093966,0.2972950616262718,0.4580196873190503,0.35337910497146163,0.467697907188353,0.46926958391926543,0.3514765489287782,0.5131110927289271,0.32566796261063774,0.6102241707337248,0.41649433369178585,0.750930598064356,0.5105467780627015,0.3626437257010505,0.2676813632227645,0.27678054429646787,0.2124245181570022,0.5557945239473902,0.22979568202498135,0.0530234097113078,0.46505087269418477,0.515509967739267,0.22350897510133177,0.2872859624451981,0.36421540243196293,0.45843328645876413,0.4717511787575482,0.14583505666308214,0.5881379766730085,0.16800397055174124,0.48465547191661834,0.5969062784349408,0.2465878070973612,0.22251633716601865,0.35296550583174785,0.11324344445363552,0.2619736950947142,0.197121349987592,0.35048391099346515,0.3906030275457027,0.11307800479775,0.2855488460584002,0.32525436347092396,0.2796757382744644,0.2676813632227645,0.42079576474480934,0.3906857473736454,0.40028124741500537,0.26222185457854247,0.23997022086194061,0.5265944246835966,0.4145090578211597,0.47290925634874675,0.41583257506824384,0.2576722640416908,0.504590950450823,0.2162296302423691,0.29241459177764906,0.3206220531061295,0.22202001819836215,0.5468607825295723,0.4278269501199437,0.7084953263297212,0.5452891057986599,0.552403011001737,0.40028124741500537,0.4432128381172967,0.37141202746298285,0.19248903962279756,0.38448176027793857,0.6329721234179833,0.22491521217635863,0.13417156092315327,0.3167342211928199,0.49706344610803205,0.36115476879808084,0.4935064935064935,0.42716519149640164,0.35958309206716843,0.36959219124824216,0.3427082471668459,0.34072297129621965,0.25452891057986593,0.3135908677309951,0.46670526925303996,0.45752336835139384,0.29721234179832906,0.3516419885846637,0.3063115228720324,0.8271982794275787,0.45016130366448837,0.3728182645380097,0.5251881876085698,0.33526346265199763,0.1400446687070891,0.35486806187443126,0.8271982794275787,0.8271982794275787,0.3848126395897096,0.281164695177434,0.8271982794275787,0.1775167507651584,0.402101083629746,0.24873852262387294,0.8271982794275787,0.2864587641657705,0.8271982794275787,0.8271982794275787
hhm10,0.5954361777989066,0.7102448300451628,0.45923460898502494,0.3674827668172094,0.7068378099992076,0.28888360668726726,0.5299104666825132,0.6225338721178987,0.7968465256318834,0.7923302432453847,0.5986054987718881,0.516916250693289,0.3864194596307741,0.2880912764440218,0.4248474764281753,0.5714285714285714,0.6389351081530782,0.46977260122018855,0.4702479993661358,0.4086047064416449,0.5041597337770383,0.3874494889469931,0.703351556928928,0.3800015846604865,0.30615640599001664,0.4127248237065209,0.36138182394421997,0.49694952856350527,0.43316694398225175,0.601378654623247,0.4072577450281277,0.5089929482608351,0.6205530465097853,0.36027256160367643,0.45162823864986923,0.534585215117661,0.42762063227953406,0.5759448538150701,0.7006576341018936,0.6205530465097853,0.3338879645036051,0.45028127723635214,0.24459234608985023,0.549005625544727,0.3124950479359797,0.6329926313287378,0.7193566278424848,0.3483876079549956,0.4727042231201965,0.6144521036367958,0.444972664606608,0.45891767688772683,0.46081926947151575,0.43554393471198793,0.3810316139767055,0.42754139925520956,0.5082006180175898,0.3905395768956501,0.3422866650820062,0.540765391014975,0.4651770858093653,0.4399017510498376,0.35433008477933603,0.45226210284446555,0.3807939149037319,0.5787972426907535,0.49156168290943664,0.32984708026305365,0.44790428650661596,0.46359242532287454,0.5274542429284526,0.44719118928769513,0.4343554393471199,0.24807859916012992,0.3829332065604944,0.3960858885983678,0.4992472862689169,0.43443467237144445,0.40543538546866337,0.4332461770065763,0.5332382537041438,0.28270343078995325,0.37120671896046276,0.37580223437128596,0.5114491720148958,0.3414943348387608,0.2859519847872593,0.520006338641946,0.436732430076856,0.39259963552808813,0.34347516044687426,0.5395768956501069,0.4456065288012043,0.4643847555661199,0.4250851755011489,0.41708264004437046,0.475715078044529,0.2840503922034704,0.32842088582521195,0.41565644560652876,0.485143807939149,0.7734727834561445,0.4011568021551382,0.6863956897234768,0.5677046192853181,0.5742017272799302,0.796212661437287,0.6074795974962365,0.4876000316932097,0.44473496553363445,0.5311781950717059,0.3491007051739165,0.32723239046034386,0.5338721178987401,0.406861579906505,0.527216543855479,0.5961492750178274,0.4731796212661437,0.3569447745820458,0.43110688534981384,0.4925124792013311,0.46525631883368995,0.6224546390935741,0.5334759527771175,0.39719515093891133,0.5926630219475477,0.38174471119562636,0.7923302432453847,0.4585215117661041,0.6216623088503288,0.4177165042389668,0.48102369067427303,0.4144679502416607,0.40369225893352345,0.30512637667379766,0.5691308137231599,0.37287061247127806,0.2813564693764361,0.5734886300610095,0.4559068219633944,0.4357816337849616,0.44449726646066084,0.5474209650582362,0.4898185563742968,0.61888915299897,0.1417478805165993,0.6978052452262103,0.4042468901037953,0.5061405593851518,0.5735678630853339,0.46589018302828616,0.4304730211552175,0.5103399096743523,0.4002060058632438,0.41676570794707235,0.44307107202281915,0.4793597971634577,0.4842722446715791,0.2593296886142144,0.4223912526741146,0.4962364313445844,0.5370414388717217,0.26685682592504556,0.4821329530148166,0.46810870770937324,0.5707154742096506,0.44750812138499324,0.4500435781633785,0.5764994849853419,0.49750415973377704,0.45265826796608827,0.5005942476824341,0.3939465969416052,0.5856112827826638,0.32366690436573964,0.4151810474605816,0.5730132319150621,0.35068536566040726,0.6785516203153474,0.7512083036209493,0.6729260755883052,0.5936138182394421,0.6772838919261548,0.49409713968782193,0.5536011409555502,0.5200855716662705,0.38562712938752874,0.4682671737580223,0.5145392599635528,0.4940179066634974,0.4179542033119404,0.5833135250772522,0.5021789081689249,0.3884002852388876,0.7923302432453847,0.5030504714364947,0.3288962839711592,0.7923302432453847,0.48173678789319385,0.3917280722605182,0.40194913239838365,0.7923302432453847,0.36320418350368433,0.7923302432453847,0.4093178036605657,0.7923302432453847,0.3725536803739799,0.7923302432453847,0.7923302432453847,0.4138340860470644,0.38737025592266855,0.7923302432453847,0.7923302432453847,0.7923302432453847,0.4733380873147928,0.7923302432453847,0.3350764598684732,0.7923302432453847,0.41676570794707235,0.4174788051659932,0.2918944616115997,0.7923302432453847,0.7923302432453847,0.7923302432453847,0.7923302432453847,0.7923302432453847
hhm11,0.4743839169909209,0.523103112840467,0.6446173800259404,0.8106355382619974,0.7974221789883268,0.5698767833981842,0.47495136186770426,0.3784857328145266,0.2692931258106355,0.24213683527885863,0.6197308690012969,0.6445363164721142,0.7530804150453956,0.8106355382619974,0.8106355382619974,0.67128728923476,0.5148346303501945,0.34792477302204927,0.4654669260700389,0.42088197146562906,0.3420881971465629,0.31987678339818415,0.3459792477302205,0.32295719844357973,0.432636186770428,0.4593060959792477,0.3844033722438392,0.311284046692607,0.3471952010376135,0.2208981841763943,0.3333333333333333,0.31776913099870296,0.4404993514915694,0.7319228274967575,0.5102950713359273,0.38343060959792474,0.5875486381322957,0.23265239948119323,0.2728599221789883,0.20379377431906615,0.5192931258106355,0.6311608300907912,0.8106355382619974,0.6192444876783398,0.6549124513618676,0.5175907911802853,0.6827983138780804,0.33738651102464334,0.4426880674448768,0.44203955901426717,0.46757457846952005,0.4891374837872893,0.3371433203631647,0.36681258106355386,0.8248216601815824,0.49181258106355386,0.2746433203631647,0.4245298313878081,0.6789883268482491,0.434662775616083,0.32125486381322954,0.2895590142671855,0.5357490272373541,0.27577821011673154,0.2939364461738002,0.3788910505836576,0.36470492866407267,0.4017509727626459,0.2819390402075227,0.2534857328145266,0.26823929961089493,0.38124189364461736,0.3970492866407263,0.46927691309987024,0.40077821011673154,0.5858463035019456,0.3745136186770428,0.3860246433203632,0.523184176394293,0.5033236057068742,0.26215953307393,0.43612191958495455,0.564526588845655,0.4982166018158236,0.24586575875486383,0.34905966277561606,0.45273994811932555,0.48273346303501946,0.29612516212710766,0.301961738002594,0.4105869001297016,0.3411964980544747,0.4716277561608301,0.5838197146562905,0.37281128404669256,0.3597600518806744,0.2791828793774319,0.4076686121919585,0.6301070038910506,0.6022211413748378,0.677772373540856,0.4059662775616083,0.5722276264591439,0.31793125810635536,0.3118514915693904,0.2706712062256809,0.3784857328145266,0.4299610894941634,0.5011348897535668,0.6674773022049286,0.672908560311284,0.4174773022049287,0.5798476005188068,0.35230220492866404,0.41091115434500647,0.39299610894941633,0.5577983138780804,0.24813553826199738,0.5424773022049286,0.40823605706874194,0.43142023346303504,0.4066958495460441,0.2739137483787289,0.5463683527885863,0.4386348897535668,0.7411640726329443,0.48289559014267186,0.5994649805447471,0.4276913099870298,0.3244974059662775,0.4036154345006485,0.3944552529182879,0.40077821011673154,0.6059500648508431,0.33771076523994814,0.3737029831387808,0.5646887159533074,0.8106355382619974,0.5123216601815823,0.29069390402075224,0.29685473411154345,0.4165856031128405,0.2925583657587549,0.3870784695201037,0.2196822308690013,0.5922503242542153,0.2851815823605707,0.5523670557717251,0.36632619974059666,0.45249675745784695,0.5019455252918288,0.6391861219195849,0.36681258106355386,0.486624513618677,0.7550259403372244,0.5524481193255513,0.3646238651102464,0.7976653696498055,0.7981517509727627,0.38797016861219197,0.3334143968871595,0.5902237354085603,0.47827496757457844,0.39088845654993515,0.32709143968871596,0.29482814526588846,0.3862678339818417,0.3746757457846952,0.3653534370946822,0.4094520103761349,0.25632295719844356,0.21700713359273668,0.8074740596627756,0.38951037613488976,0.8106355382619974,0.5953307392996109,0.6475356679636834,0.8106355382619974,0.33746757457846954,0.4016699092088197,0.22811284046692606,0.33649481193255515,0.363651102464332,0.49619001297016857,0.42144941634241245,0.47203307392996113,0.6499675745784694,0.3641374837872892,0.28850518806744485,0.5622568093385214,0.8106355382619974,0.3731355382619974,0.4753566796368353,0.22681582360570687,0.5248054474708171,0.39323929961089493,0.46319714656290534,0.4567931258106355,0.3266861219195849,0.3426556420233463,0.2534046692607004,0.31866083009079116,0.8106355382619974,0.4308527885862516,0.42136835278858625,0.8106355382619974,0.3428177691309987,0.26596952010376135,0.32798313878080415,0.4807068741893644,0.3634079118028534,0.8106355382619974,0.8106355382619974,0.8106355382619974,0.8106355382619974,0.3716763942931258,0.8106355382619974,0.8106355382619974,0.22154669260700388,0.8106355382619974,0.2802367055771725,0.8106355382619974,0.8106355382619974,0.17469195849546043,0.14502269779507135,0.8106355382619974
hhm12,0.44459113147472235,0.3257746369496,0.6592374000155315,0.6558204550749398,0.6697212083559836,0.6586937951386191,0.5825114545313349,0.6590044264968549,0.3425487302943232,0.5679117806942611,0.598586627320028,0.6416090704356605,0.6354741011105071,0.6487535916750796,0.6753125728042246,0.6287178690688825,0.537392249747612,0.539023064378349,0.3684864487069969,0.4564727809272346,0.3224353498485672,0.4166343092335171,0.42067251689058005,0.30457404675001937,0.5469441640133571,0.5017473013900753,0.35629416789624907,0.27226838549351556,0.4067717636095364,0.41609070435660483,0.5111438999767026,0.31847480003106315,0.6541896404442028,0.6828453832414382,0.6068183583132717,0.28927545235691543,0.4383008464704512,0.4331754290595635,0.27048225518366076,0.5239574435039217,0.6013823095441484,0.7590277238487225,0.7765783955890346,0.7699774792265279,0.6969791100411586,0.49794206725168905,0.7765783955890346,0.4330977712200046,0.35505164246330667,0.2652015220936554,0.5785509047138309,0.5665915974217597,0.5665139395822009,0.4684320882193057,0.7932748310941989,0.7799176826900674,0.731303875126194,0.7765783955890346,0.7765783955890346,0.6924749553467423,0.5005824337966918,0.41942999145763765,0.5548652636483653,0.4653257746369495,0.5283062825192203,0.49662188397918766,0.4750330045818125,0.5481090316067406,0.45274520462840717,0.4773627397685796,0.5106002950997903,0.36623437135978876,0.23429370194921179,0.1949211772928477,0.24027335559524735,0.22318863089228855,0.4085578939193911,0.5082705599130232,0.5598353653801351,0.5393336957365846,0.39046361730216667,0.5384018016618778,0.7250135901219228,0.6678574202065698,0.5835986642851595,0.7813931816416867,0.5829774015686884,0.5186767104139163,0.4556185446920866,0.5516036343868913,0.4082472625611555,0.3958996660712899,0.06896016152830628,0.3696513163003805,0.5688436747689679,0.3613419274675778,0.5689213326085268,0.3776500737749476,0.6081385415857731,0.7765783955890346,0.6180010872097538,0.6784188863865808,0.42812766948823483,0.5828220858895705,0.2665993632057156,0.49499106934845066,0.4175662033082239,0.10157645414304574,0.5310243069037819,0.6253009241282907,0.7765783955890346,0.7765783955890346,0.6706531024306903,0.41112060262483496,0.10569231963966762,0.46229711889415237,0.7555331210685718,0.5102120059019958,0.3973751650229091,0.501980274908752,0.33897646967461365,0.4524345732701716,0.23584685874038985,0.429603168439854,0.5597577075405762,0.6072066475110662,0.7049778675157257,0.7765783955890346,0.4764308456938728,0.6472780927234604,0.5857730837928088,0.32282363904636174,0.4487846548109031,0.6302710258600606,0.6598586627320028,0.2234992622505242,0.5432165877145297,0.6008387046672362,0.6079055680670964,0.5888017395356061,0.5576609458724857,0.6678574202065698,0.3946571406383474,0.19468820377417098,0.3916284848955502,0.4153141259610158,0.3521783023996272,0.329036266211074,0.5280733090005436,0.5539333695736585,0.5403432476508503,0.6677797623670109,0.4583365690766482,0.7652403510134348,0.6568300069892056,0.5937718412673759,0.7340995573503145,0.7765783955890346,0.7765783955890346,0.6035567290517978,0.7367399238953172,0.6086044886231264,0.6715073386658383,0.4155470994796925,0.45064844296031686,0.46020035722606195,0.3879009085967228,0.45453133493826203,0.42393414615205405,0.3489166731381533,0.35512930030286555,0.25184437368952395,0.5867049778675156,0.7765783955890346,0.7198881727110352,0.6714296808262794,0.7413217364292926,0.5784732468742719,0.42672982837617457,0.2557272656674691,0.5681447542129378,0.49297196551991923,0.291993476741477,0.312106857187233,0.4800807641531412,0.47379047914887,0.6335326551215344,0.4380678729517745,0.3157567756465015,0.7765783955890346,0.5283839403587792,0.4020346353964433,0.23677875281509667,0.45406538790090856,0.31707695891900284,0.31303875126193986,0.3214257979343014,0.22745981206802826,0.49297196551991923,0.324998058554011,0.32328958608371516,0.38487225285392557,0.30853459656752347,0.24959229634231575,0.2708705443814553,0.11299215655820453,0.1949211772928477,0.7765783955890346,0.43775724159353885,0.7765783955890346,0.19888172711035176,0.2780927234604333,0.7765783955890346,0.7765783955890346,0.7765783955890346,0.3492273044963889,0.7765783955890346,0.3124951463850275,0.2552613186301157,0.4282053273277937,0.3715151044497942,0.7765783955890346,0.3377339442416712,0.7765783955890346,0.7765783955890346,0.7765783955890346
hhm13,0.6924710880339864,0.6905829596412557,0.656596648572103,0.7585555817795611,0.6877507670521595,0.7867201636377941,0.37251199748249547,0.5786326803555976,0.38580756824797424,0.4669970891353946,0.5362284635355204,0.7362127291322477,0.6576980568011959,0.6841318542994258,0.607741326410196,0.7867201636377941,0.3128786090787507,0.45732043112264975,0.29210919675871294,0.401227283455275,0.4091731571080167,0.33034379671150976,0.37463614192431755,0.4020140036189128,0.38871843285343405,0.3408858469042562,0.4177484068916687,0.45543230272991897,0.3262528518605932,0.3994178270789081,0.322397923058768,0.2747226811423177,0.5455904334828102,0.6462906144284478,0.43120132168987496,0.2602470301313823,0.71544331681221,0.474706946739045,0.4290771772480529,0.38714499252615847,0.5414994886318937,0.6090000786720164,0.6040437416410983,0.5823302651246952,0.6494374950829991,0.6171032963574857,0.7867201636377941,0.46424356856266225,0.3223192510424043,0.5327668948155142,0.5585713161828337,0.5741483754228621,0.16151364959483913,0.30210054283691296,0.42687436078986707,0.38533553614979155,0.2855007473841555,0.34946109668790815,0.6609236094721108,0.27684682558413976,0.31649752183148455,0.29635748564235703,0.45370151836991585,0.21682007709857606,0.31185587286602157,0.3946975060970813,0.33663755802061207,0.3801431830697821,0.3194083864369444,0.42931319329714424,0.39485485012980887,0.3364802139878846,0.3427739752969869,0.44150735583353007,0.5048383290063725,0.5245850051136811,0.37369207772795215,0.31319329714420585,0.5057823932027379,0.5672252379828495,0.23743214538588628,0.3993391550625443,0.5311934544882386,0.34481944772244516,0.18653135079852098,0.38030052710250967,0.47864054755723395,0.2607977342459288,0.19510660058217294,0.3962709464243569,0.3426953032806231,0.4633781763826607,0.46565966485721033,0.48461962080088117,0.31830697820785153,0.6375580206120683,0.3745574699079538,0.5949177877428999,0.6750845724175911,0.6653292423884825,0.6864920147903392,0.6598222012430179,0.36220596333884036,0.3991031390134529,0.35709228227519474,0.3595311147824719,0.3810085752497837,0.45008260561718205,0.22272047832585953,0.6177326724883959,0.64196365352844,0.28904098812052553,0.6211942412084022,0.4865864212099757,0.4553536307135552,0.4666824010699394,0.6306348831720557,0.3989457949807254,0.47116670600267485,0.33616552592242943,0.32806230823696014,0.36708362835339475,0.3723546534497679,0.5576272519864685,0.4994886318936355,0.4253009204625915,0.39870977893163406,0.6129336794902054,0.44599166076626545,0.5111320903154749,0.32381401935331605,0.22618204704586578,0.3761309102352294,0.7121390921249312,0.29446935724962636,0.42254739988985923,0.4865864212099757,0.624105105813862,0.37306270159704197,0.34064983085516487,0.329163716466053,0.4445755644717175,0.3921013295570766,0.373770749744316,0.38030052710250967,0.4672331051844859,0.5951538037919912,0.408701125009834,0.30619148768782944,0.2765321375186846,0.6886161592321611,0.5045236409409174,0.310282432538746,0.49311619856816935,0.758240893714106,0.41837778302257894,0.2868381716623397,0.6629690818975691,0.6296121469593267,0.3188576823223979,0.34340335142789713,0.5967272441192668,0.44009125953898204,0.3267248839587759,0.4330107780662419,0.4886318936354339,0.5525922429391866,0.4474864290771773,0.6150578239320275,0.5092439619227441,0.46172606403902133,0.39438281803162617,0.6984501612776336,0.24632208323499333,0.6292187868775077,0.5898041066792543,0.5077491936118322,0.6687908111084887,0.468255841397215,0.3389190464951617,0.4413500118008025,0.33341200534969717,0.524270317048226,0.3722759814334042,0.2966721737078121,0.33144520494060264,0.5162457713791205,0.2858941074659744,0.3507198489497286,0.43796711509715996,0.38462748800251756,0.2877822358587051,0.32003776256785466,0.39186531350798526,0.35064117693336483,0.5425222248446228,0.3855715521988829,0.3580363464715601,0.2984029580678153,0.31728424199512234,0.7867201636377941,0.30627015970419325,0.4608606718590198,0.3261741798442295,0.7867201636377941,0.31665486586421215,0.318464322240579,0.373770749744316,0.4699079537408545,0.7867201636377941,0.29431201321689876,0.7867201636377941,0.7867201636377941,0.7867201636377941,0.25812288568956027,0.7867201636377941,0.42294075997167807,0.7867201636377941,0.3854928801825191,0.7867201636377941,0.7867201636377941,0.7867201636377941,0.3603178349461097,0.37935646290614433,0.24821021162772405,0.7867201636377941
hhm14,0.5729045288588518,0.6283694554493902,0.6606851549755302,0.6870193428105336,0.5737590305290142,0.6244076749786374,0.21820865377145962,0.5575234987959294,0.2695564359512157,0.4615862658277013,0.4654703643284393,0.5975297133535306,0.5916258836324089,0.5450167016235531,0.6602190631554415,0.7212770915870426,0.5639711023071544,0.2450089334265517,0.10308397420958595,0.44208809135399674,0.4061990212071778,0.32074885419094223,0.42802765478132526,0.3605997048085139,0.4452730521246019,0.3777674201817758,0.30769828322846265,0.42554183174085286,0.19459333488697272,0.39175017478443247,0.510137497086926,0.2524664025479686,0.1984774333877107,0.4770449778606385,0.35710401615784976,0.24042569719568085,0.5438514720733317,0.49032859473316237,0.33558611046376136,0.25029130738755534,0.5847121883010953,0.5596985939563427,0.6439058494523421,0.6956420414821719,0.3949351355550376,0.5553484036355162,0.5471141148139517,0.4014604210362775,0.434863668142624,0.37691291851161346,0.5629612366969626,0.37823351200186434,0.18604831818534917,0.3178746213003962,0.5899945622620989,0.2903752039151713,0.23871669385535615,0.2155674667909578,0.7483880991221937,0.12840829643439758,0.2789559543230016,0.2945700302959683,0.43960226831352434,0.28423832828400525,0.34638390429581295,0.3054455060980346,0.21486832906082498,0.3510448224966985,0.23607550687485432,0.3423444418550454,0.3317020119630234,0.21657733240114968,0.30490173230793133,0.444884642274528,0.29138506952536314,0.5082731298065718,0.2849374660141381,0.3481705896061524,0.3860793909733551,0.47316087935990053,0.28734560708459567,0.28882156451487606,0.5188378777285791,0.25852559620911986,0.2657500194204925,0.35360832750718557,0.452342111395945,0.2685465703410238,0.2946477122659831,0.22496698516274372,0.18651441000543773,0.12926279810455993,0.3321681037831119,0.5233434319894352,0.4643828167482327,0.7869960382195291,0.3889536238639012,0.5580672725860327,0.7768197001475957,0.6541598694942903,0.613221471296512,0.5673891089878039,0.4103938475879748,0.44053445195370156,0.3424221238250602,0.3769906004816282,0.3459954944457391,0.40542220150703023,0.2489707138973044,0.6059193661151246,0.4817835780315388,0.35656024236774636,0.6876407985706516,0.4942126932339004,0.5254408451798337,0.4441078225743804,0.44379709469432144,0.4757243843703876,0.4127243066884176,0.3975763225355395,0.2618659209197545,0.414510991998757,0.28423832828400525,0.48061834848131746,0.4132680804785209,0.7768197001475957,0.5031461197855978,0.6233978093684456,0.34024702866464684,0.33550842849374657,0.32805095937232964,0.422279189000233,0.40674279499728105,0.5713508894585566,0.2687019342810533,0.4981744737046531,0.40549988347704496,0.7486988270022527,0.26823584246096477,0.24990289753748152,0.2753049017323079,0.48147285015147984,0.21416919133069212,0.36953313136021126,0.38258370232269084,0.5301017633807193,0.5704963877883943,0.3097956964188611,0.3454517206556358,0.41093762137807816,0.43004738600170894,0.358968383438204,0.3037365027577099,0.5202361531888448,0.7768197001475957,0.2757709935523964,0.21735415210129727,0.6095704187058183,0.6627048861959138,0.23296822807426396,0.4892410471529558,0.6850772935601647,0.3895750796240192,0.3008622698671638,0.10758952847044201,0.5627281907869184,0.49980579507496303,0.3306921463528315,0.5263730288200108,0.46795618736891165,0.5333644061213392,0.3723296822807426,0.5587664103161656,0.29480307620601254,0.6085605530956264,0.4841140371319816,0.4281830187213548,0.7768197001475957,0.29060824982521555,0.2572050027188689,0.34995727491649187,0.38025324322224807,0.5068748543463062,0.33737279577410084,0.2833838266138429,0.3884875320438126,0.45638157383671246,0.180610580284316,0.2774799968927212,0.3918278567544472,0.4017711489163365,0.34521867474559154,0.3502680027965509,0.4725394235997824,0.35865765555814494,0.2839276004039462,0.24935912374737823,0.302415909267459,0.1712110619125301,0.32548745436184257,0.3018721354773557,0.24664025479686164,0.4144333100287423,0.251689582847821,0.7768197001475957,0.4006836013361299,0.27965509205313444,0.7768197001475957,0.292084207255496,0.4416219995339081,0.3660374427095471,0.3914394469043735,0.7768197001475957,0.7768197001475957,0.7768197001475957,0.3258758642119164,0.7768197001475957,0.28866620057484654,0.3368290219839975,0.7768197001475957,0.7768197001475957,0.33783888759418934,0.7768197001475957,0.2765478132525441,0.7768197001475957,0.7768197001475957
hhm15,0.16669291338582676,0.22763779527559055,0.2833858267716535,0.6158267716535433,0.3626771653543307,0.5501574803149606,0.3580314960629921,0.2933070866141732,0.31181102362204727,0.37952755905511815,0.3765354330708661,0.46488188976377953,0.5207086614173229,0.49425196850393704,0.43070866141732284,0.19897637795275588,0.4540157480314961,0.19456692913385826,0.3488188976377952,0.2707086614173228,0.16440944881889766,0.16921259842519684,0.22448818897637796,0.22574803149606298,0.3384251968503937,0.42897637795275584,0.3180314960629921,0.1741732283464567,0.24244094488188977,0.19322834645669293,0.2989763779527559,0.26370078740157477,0.41606299212598424,0.5166141732283465,0.3569291338582677,0.33440944881889767,0.5452755905511811,0.23598425196850395,0.2911023622047244,0.3084251968503937,0.31905511811023624,0.5026771653543307,0.501023622047244,0.305511811023622,0.3074015748031496,0.1316535433070866,0.4978740157480315,0.2565354330708661,0.29968503937007873,0.2037795275590551,0.527244094488189,0.30598425196850393,0.42157480314960627,0.29464566929133856,0.5347244094488189,0.31724409448818897,0.29874015748031496,0.42566929133858267,0.46795275590551183,0.33976377952755904,0.27708661417322833,0.4062204724409449,0.30559055118110234,0.30118110236220474,0.30228346456692917,0.39566929133858264,0.31377952755905514,0.371259842519685,0.308503937007874,0.33464566929133854,0.2807086614173228,0.3279527559055118,0.30196850393700786,0.39307086614173226,0.1837007874015748,0.38031496062992126,0.277007874015748,0.24606299212598426,0.412755905511811,0.2867716535433071,0.23755905511811026,0.34913385826771653,0.47291338582677167,0.18488188976377953,0.27811023622047243,0.35244094488188976,0.4271653543307086,0.39740157480314964,0.23440944881889764,0.3081889763779528,0.3206299212598425,0.32204724409448815,0.4035433070866141,0.47574803149606293,0.3116535433070866,0.3431496062992126,0.17385826771653543,0.35401574803149605,0.6151968503937008,0.6994488188976378,0.41118110236220473,0.3383464566929134,0.4345669291338582,0.35992125984251966,0.2918897637795275,0.308503937007874,0.3681889763779528,0.34811023622047244,0.2853543307086614,0.6095275590551181,0.43999999999999995,0.2162992125984252,0.38976377952755903,0.31582677165354334,0.2682677165354331,0.15614173228346456,0.4120472440944882,0.17086614173228346,0.30173228346456693,0.30299212598425196,0.28283464566929134,0.3075590551181102,0.35078740157480315,0.3970866141732283,0.33173228346456696,0.23937007874015748,0.29968503937007873,0.52,0.12559055118110235,0.3788188976377953,0.13929133858267717,0.2837007874015748,0.3075590551181102,0.3783464566929134,0.3769291338582677,0.22244094488188973,0.38354330708661416,0.612755905511811,0.37291338582677164,0.26070866141732285,0.4059055118110236,0.4676377952755905,0.3177165354330709,0.3120472440944882,0.31881889763779525,0.39614173228346455,0.14614173228346455,0.388740157480315,0.3698425196850394,0.42480314960629917,0.3869291338582677,0.5123622047244094,0.35244094488188976,0.465511811023622,0.40370078740157483,0.3546456692913386,0.3293700787401575,0.2679527559055118,0.7183464566929134,0.2949606299212598,0.23299212598425195,0.28716535433070867,0.31212598425196847,0.3291338582677165,0.3014173228346456,0.34590551181102364,0.31929133858267716,0.24307086614173226,0.13511811023622047,0.2804724409448819,0.2826771653543307,0.3445669291338583,0.5799212598425197,0.33409448818897636,0.4717322834645669,0.35858267716535436,0.40425196850393696,0.5033070866141732,0.2528346456692913,0.31401574803149607,0.3394488188976378,0.3715748031496063,0.19748031496062993,0.3293700787401575,0.34653543307086615,0.4951968503937008,0.5771653543307086,0.34708661417322834,0.3543307086614173,0.5881889763779528,0.46606299212598423,0.3337795275590551,0.31196850393700787,0.3089763779527559,0.3263779527559055,0.2989763779527559,0.42385826771653545,0.7874015748031495,0.32070866141732285,0.24771653543307084,0.26960629921259843,0.34976377952755905,0.7874015748031495,0.2825984251968504,0.4003149606299212,0.26543307086614176,0.32559055118110236,0.7874015748031495,0.23031496062992124,0.4284251968503937,0.27204724409448816,0.40811023622047243,0.3092125984251968,0.15551181102362205,0.29811023622047245,0.27779527559055117,0.7874015748031495,0.7874015748031495,0.27803149606299216,0.7874015748031495,0.3854330708661417,0.24448818897637795,0.17559055118110237,0.2733858267716536,0.23976377952755903,0.7874015748031495
hhm16,0.08819450110141144,0.09056049604307742,0.27184466019417475,0.5374887819205353,0.43738272007832263,0.6145875826058579,0.3163906339234723,0.2937097168964673,0.40181120992086156,0.381659459900465,0.4563922656441217,0.41372277066166274,0.4173125560903973,0.5781186260912132,0.49645100758750105,0.23472301541976015,0.6504038508607326,0.1838133311577058,0.41135677571999674,0.27682140817492046,0.16994370563759487,0.3476380843599576,0.4936770824834788,0.4049114791547687,0.3225095863588154,0.3140246389818063,0.3517173859835196,0.29517826548094966,0.305458105572326,0.2561801419596965,0.32642571591743497,0.3100269233907155,0.5931304560659215,0.3899812352125316,0.3607734355878274,0.37040058741943377,0.45100758750101977,0.23896548910826465,0.43542465529901275,0.36819776454271025,0.2667863261809578,0.5006118952435343,0.47466753691767966,0.26050420168067223,0.30863996083870443,0.22860406298441707,0.5312066574202496,0.37211389410132983,0.27176307416170353,0.3429060944766256,0.48396834461940114,0.2791058170841152,0.4150281471812026,0.27706616627233416,0.44015664518234476,0.3132087786570939,0.3977319082972995,0.43787223627315,0.4731174023007261,0.40597209757689484,0.37774333034184543,0.4590030186832014,0.3722770661662723,0.3965897038427021,0.40434037692747,0.5653096189932283,0.38769682630333685,0.3722770661662723,0.30317369666313126,0.27984009137635635,0.42718446601941745,0.31549318756628864,0.3645263930815044,0.4235946805906829,0.2321938484131517,0.30178673411112017,0.36819776454271025,0.30088928775393653,0.40450354899241253,0.3488618748470262,0.33760300236599494,0.38728889614098067,0.3517173859835196,0.32430447907318266,0.3826384922901199,0.3050501754099698,0.41559924940850124,0.21555029778901852,0.40572733947948114,0.4652035571510158,0.28612221587664194,0.43085583748062334,0.48535530717141223,0.44880476462429636,0.4300399771559109,0.30953740719588807,0.3115770580076691,0.3347474912295015,0.45076282940360607,0.557395773843518,0.456147507546708,0.4355062413314841,0.5062413314840499,0.4294688749286122,0.40344293057028635,0.3134535367545076,0.37904870686138536,0.4049114791547687,0.43517989720159905,0.5589459084604715,0.5290854205759974,0.3147589132740475,0.25201925430366323,0.39544749938810475,0.43909602676021864,0.36036550542547113,0.6240515623725218,0.21685567430855834,0.3631394305294933,0.33409480296973154,0.3649343232438606,0.3253650974953088,0.3877784123358081,0.4871501998857795,0.29403606102635227,0.3698294851921351,0.2518560822387207,0.691523211226238,0.2937097168964673,0.6161377172228114,0.35375703679530063,0.336950314106225,0.4053194093171249,0.49245329199641025,0.34527208941829163,0.25454842131027167,0.45255772211797335,0.7535285959043811,0.4999592069837644,0.34404829893122296,0.4470914579424002,0.5133393163090478,0.33409480296973154,0.379946153218569,0.3672187321530554,0.4092355388757445,0.1475075467080036,0.40882760871338825,0.4411356775719996,0.40034266133637925,0.35498082728236924,0.42302357836338417,0.3815778738679938,0.3307497756384107,0.3953659133556335,0.3904707514073591,0.4102961572978706,0.33344211470996166,0.7433303418454761,0.3853308313616709,0.30456065921514236,0.26172799216774084,0.3357265236191564,0.38590193358896957,0.41698621196051233,0.4559843354817655,0.3291180549889859,0.37472464714040954,0.18617932609937177,0.5527453699926572,0.39128661173207147,0.35261483234070323,0.48298931222974634,0.3753773354001795,0.3946316390633924,0.4543526148323407,0.2554458676674553,0.5037121644774414,0.16464061352696419,0.37872236273150034,0.3447825732234641,0.34527208941829163,0.2934649587990536,0.28220608631802235,0.3932446765113813,0.38883903075793425,0.37709064208207554,0.3473933262625439,0.36868728073753776,0.41094884555764055,0.43770906420820754,0.2999918413967529,0.3176144244105409,0.4337113486171167,0.32822060863180225,0.5376519539854777,0.3996899730766093,0.6415109733213674,0.4325691441625194,0.4258790894998776,0.38108835767316634,0.3912050256996002,0.42808191237660115,0.26654156808354407,0.34421147099616545,0.4718120257811863,0.343721954801338,0.37431671697805335,0.1453863098637513,0.08794974300399772,0.40140327975850537,0.5163579995104838,0.22738027249734846,0.2867749041364118,0.20967610345108917,0.2402708656278045,0.3172064942481847,0.25593538386228276,0.27029452557722117,0.40352451660275757,0.29542302357836336,0.3067634820918659,0.8158603247124092,0.37545892143265075,0.8158603247124092,0.8158603247124092
hhm17,0.7208061647895672,0.4214582098399525,0.17080193073079852,0.12905411127106445,0.4086713523583707,0.18799220933186553,0.277923617579812,0.36218138707765263,0.5382335506816834,0.6366330764671013,0.516724532136506,0.09492759759505462,0.09806080108391904,0.25311203319502074,0.276738081124566,0.28529087983741214,0.4798035396731306,0.5595732068761115,0.427555254466932,0.23321195698196287,0.3620967059022779,0.45456854941146585,0.5502582775848929,0.44457617071724953,0.3454991955288339,0.1991701244813278,0.2787704293335591,0.4266237615378101,0.53924972478618,0.42543822508256407,0.22457447709374204,0.5030061817258024,0.5901431111863832,0.20052502328732322,0.3732746210517402,0.4569396223219578,0.19366584808197135,0.7034465238377509,0.6281649589296299,0.5128291980692692,0.22457447709374204,0.2531967143703954,0.2350749428402066,0.3117960877296977,0.25158777203827587,0.3615886188500297,0.7675501735964094,0.4054534676941316,0.298077737318994,0.5694809043949529,0.47599288678126855,0.31459056651706324,0.40697772885087646,0.3102718265729528,0.24328901685155388,0.20213396561944277,0.5699043102718265,0.3672622576001354,0.2912185621136421,0.41315945465323056,0.35811669065966634,0.43907189431789306,0.29079515623676855,0.4209501227877043,0.4079092217799983,0.4946227453637056,0.4851384537217376,0.3875010585146922,0.3944449148954187,0.4679481751206706,0.5051232111101702,0.39817088661190614,0.4295876026759251,0.32483698873740363,0.43602337200440344,0.15496655093572698,0.3483783554915742,0.373020577525616,0.26445931069523243,0.26149546955711744,0.5436531459056652,0.36819375052925735,0.24244220509780676,0.45058853416885425,0.5023287323228046,0.30637649250571597,0.38182741976458634,0.507240240494538,0.4779405538148869,0.4647302904564315,0.46193581166906594,0.5329833178084511,0.4154458463883478,0.4049453806418833,0.46447624693030737,0.1335422135659243,0.42484545685494113,0.30908629011770683,0.24904733677703442,0.15759166737234312,0.2999407231772377,0.524430519095605,0.2558218308070116,0.4990261664831908,0.4855618595986112,0.44296722838513,0.42687780506393425,0.39969514776865106,0.42467609450419164,0.23829282750444575,0.4593953764078245,0.3648065035142688,0.17969345414514354,0.616563637903294,0.47827927851638574,0.3724278092979931,0.5743077313913117,0.35058006605131675,0.25624523668388516,0.3150986535693115,0.40646964179862816,0.30840884071470914,0.4982640359048184,0.3615039376746549,0.23058684054534676,0.270217630620713,0.26496739774748074,0.6112287238546871,0.4569396223219578,0.7069184520281141,0.5476331611482768,0.41722415107121685,0.36988737403675165,0.28376661868066727,0.416885426369718,0.5313743754763315,0.27716148700143955,0.4170547887204674,0.5956473875857397,0.5242611567448556,0.397916843085782,0.3576086036074181,0.495977644169701,0.4632907104750614,0.5550851045812515,0.43670082140740113,0.5828605301041578,0.29477517147938015,0.4897959183673469,0.5597425692268607,0.37725463629435174,0.1908713692946058,0.43424506732153445,0.30502159369972054,0.22863917351172836,0.2786857481581844,0.5574561774917436,0.2943517656025066,0.23236514522821575,0.501905326445931,0.3226352781776611,0.22305021593699723,0.28588364806503513,0.5643153526970954,0.4141756287577271,0.5099500381065288,0.2993479549496147,0.4122279617241087,0.28554492336353626,0.491235498348717,0.5793039207384199,0.38072656448471504,0.15318824625285798,0.40909475823524427,0.14353459226014056,0.29833178084511813,0.14522821576763487,0.15767634854771784,0.5636379032940977,0.42306715217207214,0.48048098907612835,0.5020746887966805,0.3538826318909306,0.2813955457701753,0.4669320010161741,0.3631975611821492,0.20221864679481752,0.44008806842238973,0.49978829706156314,0.3197561182149208,0.22533660767211447,0.3673469387755102,0.35218900838343636,0.3300025404352612,0.3642984164620205,0.3956304513506647,0.42713184859005837,0.4446608518926243,0.5174019815395038,0.5458548564654077,0.3013803031586078,0.846811753747142,0.38775510204081626,0.2955373020577525,0.846811753747142,0.846811753747142,0.846811753747142,0.846811753747142,0.4655771022101786,0.35981031416716064,0.31340503006181725,0.12304174781945974,0.31890930646117366,0.46286730459818776,0.846811753747142,0.2985011431958675,0.09916165636379032,0.23541366754170548,0.846811753747142,0.21551359132864764,0.846811753747142,0.846811753747142,0.397916843085782,0.2508256414599035,0.22432043356761794,0.846811753747142
hhm18,0.55490931353792,0.6518711257365883,0.645595775617969,0.7652865998316369,0.7652865998316369,0.5688375296548557,0.7824290196678656,0.6787326853906789,0.6985536083263182,0.7054411877248029,0.5785566694727174,0.6679421443330528,0.7385015688375296,0.668095201653019,0.5724343766740645,0.7137062830029847,0.7199051044616209,0.7652865998316369,0.7350577791382873,0.6981709650264024,0.7652865998316369,0.5428943139205633,0.7652865998316369,0.5375373077217418,0.5536083263182062,0.6631208387541134,0.6290655850616056,0.6795745006504936,0.655927144715696,0.7842657075074615,0.6244738654626157,0.5672304277952093,0.6351878778602587,0.6139129103849392,0.48519170429325786,0.6659523991734905,0.6726869212520089,0.7652865998316369,0.6721512206321267,0.5942450447692661,0.5503941225989133,0.47111043085635573,0.5454962883599909,0.7519706129945665,0.5940919874492998,0.6990893089462004,0.7303895308793144,0.5223081043850922,0.4424121833626693,0.7036810285451902,0.7496747531950716,0.5492461926991659,0.6304431009413025,0.5170276268462539,0.4405754955230734,0.6432233871584909,0.7652865998316369,0.39274508303359607,0.5241447922246881,0.6896762837682713,0.7782199433687915,0.5450371164000919,0.6054947577867912,0.5765669243131553,0.4418764827427872,0.46751358383714703,0.4462386163618275,0.5334812887426341,0.49460472947118694,0.5505471799188797,0.5560572434376674,0.6279176551618582,0.7652865998316369,0.6665646284533558,0.653095584296319,0.7113338945435066,0.6230198209229357,0.6640391826739114,0.5861330068110507,0.6275350118619423,0.6542435141960664,0.387081962194842,0.7652865998316369,0.6027397260273972,0.6698553608326319,0.46185046299839294,0.6883752965485574,0.5747302364735593,0.6137598530649728,0.5760312236932732,0.5484809060993342,0.604959057166909,0.7652865998316369,0.4674370551771639,0.35409810974209843,0.7652865998316369,0.5008035509298232,0.7657457717915359,0.7557970459937247,0.6399326547792149,0.6920486722277494,0.58345450371164,0.2680033672610393,0.6413101706589117,0.6951098186270759,0.6689370169128339,0.7652865998316369,0.5997551082880539,0.5443483584602434,0.6116170505854442,0.4077447003902962,0.46529425269763525,0.5664651411953776,0.7537307721741793,0.7968164077447003,0.6425346292186424,0.5263641233641999,0.6234789928828346,0.4706512588964567,0.41348434988903343,0.5849085482513201,0.2822376980179077,0.4842733603734599,0.4795285834545038,0.41248947730925234,0.7652865998316369,0.7046759011249712,0.4676666411571133,0.7199051044616209,0.675059309711487,0.5763373383332058,0.5872809367107982,0.5304966710032908,0.7652865998316369,0.5301140277033749,0.7332976199586746,0.496977117930665,0.5578174026172802,0.5550623708578862,0.6990893089462004,0.5794750133925155,0.24955996020509683,0.5585826892171118,0.4925384556516415,0.7652865998316369,0.5338639320425499,0.7652865998316369,0.6038111272671616,0.7032218565852912,0.7077370475242978,0.7652865998316369,0.7652865998316369,0.683936634269534,0.6112344072855285,0.7652865998316369,0.7626080967322263,0.47424810591566546,0.7652865998316369,0.7652865998316369,0.5894237391903268,0.7652865998316369,0.7652865998316369,0.5729700772939467,0.5989898216882222,0.5618734215963879,0.7216652636412336,0.6850080355092982,0.5879696946506466,0.7652865998316369,0.6740644371317058,0.3540215810821153,0.7586286064131017,0.5004974362898906,0.7084258054641464,0.6312083875411342,0.3980255605724344,0.44975893472105305,0.6752888956914365,0.6375602663197367,0.7652865998316369,0.5934797581694344,0.7652865998316369,0.7652865998316369,0.5647049820157649,0.7652865998316369,0.2986148312543047,0.7652865998316369,0.7652865998316369,0.5152674676666412,0.4150914517486799,0.7652865998316369,0.549781893319048,0.7652865998316369,0.7652865998316369,0.49077829647202875,0.48832937935256754,0.7652865998316369,0.7652865998316369,0.7652865998316369,0.7652865998316369,0.7652865998316369,0.7652865998316369,0.4546567689599755,0.44815183286140664,0.3871584908548252,0.7652865998316369,0.7652865998316369,0.7652865998316369,0.7652865998316369,0.7652865998316369,0.7652865998316369,0.7652865998316369,0.7652865998316369,0.7652865998316369,0.7652865998316369,0.7652865998316369,0.7652865998316369,0.3896074079742864,0.7652865998316369,0.7652865998316369,0.7652865998316369,0.7652865998316369,0.7652865998316369,0.7652865998316369,0.7652865998316369,0.7652865998316369
hhm19,0.8086511474327225,0.4122502889219085,0.8282978372131419,0.8254911672445104,0.6628694072973419,0.5831269605415222,0.5449892686148258,0.2359253755984811,0.6976225854383358,0.6476803698200428,0.37279181112762094,0.642397226349678,0.45335974905068516,0.6455340927852072,0.8240878322601948,0.5365692587089318,0.49628528974739966,0.6492488030378074,0.5654614495624897,0.560756149909196,0.5246821859006109,0.2864454350338452,0.5516757470695064,0.30089153046062406,0.3486874690440812,0.47152055473006443,0.41621264652468215,0.39763909526168073,0.5127125639755654,0.4139838203731219,0.3968961532111606,0.547961036816906,0.6597325408618128,0.6183754333828628,0.24252930493643718,0.5276539541026911,0.5261680700016509,0.40919597160310384,0.8223543008089813,0.3798910351659237,0.5623245831269605,0.26836717847119035,0.5463926035991415,0.8254911672445104,0.33762588740300475,0.543751031863959,0.605250123823675,0.47878487700181604,0.33770843651972926,0.700594353640416,0.49966980353310214,0.4639260359914149,0.4233944196797094,0.33259039128281326,0.609625227010071,0.47622585438335807,0.49191018656100377,0.24318969787023276,0.5491167244510484,0.6768202080237741,0.3348192174343735,0.3843486874690441,0.552913983820373,0.5686808651147433,0.33820373122007596,0.15577018325903913,0.34992570579494797,0.2782730724781245,0.30171702162786856,0.22544163777447582,0.34596334819217434,0.34530295525837873,0.44848935116394256,0.45212151229981834,0.5632326234109295,0.6177975895657916,0.5222882615156018,0.44815915469704476,0.3816245666171372,0.5029717682020802,0.604507181773155,0.3238401849100214,0.35380551428099716,0.580898134389962,0.4319795278190523,0.33770843651972926,0.27753013042760444,0.16047548291233282,0.4202575532441803,0.18606570909691264,0.4339607066204391,0.5264982664685488,0.4026745913818722,0.19473336635298003,0.3117880138682516,0.5562159484893511,0.3622255241868912,0.4616146607231303,0.5601783060921248,0.4607891695558858,0.8254911672445104,0.6940729734191844,0.20695063562819876,0.5096582466567607,0.5500247647350173,0.49570744593032856,0.6983655274888558,0.3955753673435694,0.3211160640581146,0.7012547465742117,0.10475482912332838,0.30955918771669144,0.3318474492322932,0.3557041439656596,0.32268449727587917,0.3815420175004127,0.517582961862308,0.4323922734026746,0.21991084695393762,0.2767871883770843,0.5594353640416048,0.25755324418028724,0.3348192174343735,0.18771669143140168,0.3829453524847284,0.7067855373947498,0.51502393924385,0.761350503549612,0.312778603268945,0.6663364701997688,0.47300643883110444,0.3026250619118375,0.24797754664025096,0.8254911672445104,0.2824830774310715,0.5625722304771339,0.2836387650652138,0.6253921083044411,0.47275879148093114,0.5394584777942876,0.369324748225194,0.13604094436189532,0.5077596169720984,0.4699521215122998,0.543751031863959,0.49843156678223544,0.727670463926036,0.548126135050355,0.5695063562819878,0.62481426448737,0.7332012547465742,0.470364867095922,0.631418193825326,0.49463430741291065,0.8254911672445104,0.4232293214462606,0.543751031863959,0.7947003467062902,0.49892686148258214,0.33275548951626216,0.4966154862142975,0.5432557371636123,0.3576027736503219,0.2986627043090639,0.47069506356281987,0.6311705464751527,0.5531616311705465,0.28256562654779593,0.8254911672445104,0.5172527653954103,0.478041934951296,0.5402839689615321,0.3824500577843817,0.592785207198283,0.5579494799405645,0.2954432887568103,0.36965494469209176,0.4028396896153211,0.485553904573221,0.5537394749876176,0.5061911837543338,0.5698365527488856,0.46755819712729074,0.47589565791646027,0.5534092785207199,0.3595014033349843,0.4853888063397721,0.6519729238897143,0.4296681525507677,0.1893676737658907,0.4599636783886413,0.6140828793131914,0.6451213472015849,0.29651642727422817,0.5158494304110945,0.8254911672445104,0.4763084035000826,0.3261515601783061,0.8254911672445104,0.5213802212316329,0.8254911672445104,0.40069341258048535,0.15659567442628364,0.8254911672445104,0.1983655274888559,0.4455175829618623,0.8254911672445104,0.8254911672445104,0.8254911672445104,0.8254911672445104,0.8254911672445104,0.8254911672445104,0.8254911672445104,0.3729569093610698,0.8254911672445104,0.43123658576853224,0.8254911672445104,0.37576357932970117,0.8254911672445104,0.3021297672114908,0.8254911672445104,0.3890539871223378,0.8254911672445104,0.8254911672445104,0.8254911672445104,0.8254911672445104
A,0.45454545454545453,0.45454545454545453,0.45454545454545453,0.7727272727272727,0.7272727272727273,0.5909090909090909,0.5454545454545454,0.45454545454545453,0.5909090909090909,0.5,0.5454545454545454,0.5,0.5,0.45454545454545453,0.7727272727272727,0.9545454545454546,0.4090909090909091,0.5,0.4090909090909091,0.9090909090909091,0.5,0.6818181818181818,0.5454545454545454,0.6363636363636364,0.5454545454545454,0.5,0.9090909090909091,0.45454545454545453,0.5,0.5909090909090909,0.5909090909090909,0.6363636363636364,0.4090909090909091,0.45454545454545453,0.45454545454545453,0.5,0.45454545454545453,0.8181818181818182,0.5,0.45454545454545453,0.4090909090909091,0.5,0.6818181818181818,0.6818181818181818,0.5,0.9090909090909091,0.5,0.5454545454545454,0.9090909090909091,0.9090909090909091,0.4090909090909091,0.6818181818181818,0.5454545454545454,0.7727272727272727,0.5909090909090909,0.7272727272727273,0.6363636363636364,0.5454545454545454,0.6363636363636364,0.7272727272727273,0.6818181818181818,0.5,0.5,0.5909090909090909,0.45454545454545453,0.45454545454545453,0.6818181818181818,0.5454545454545454,0.6363636363636364,0.5454545454545454,0.5454545454545454,0.5,0.6363636363636364,0.6363636363636364,0.5,0.5,0.6818181818181818,0.6363636363636364,0.9090909090909091,0.7272727272727273,0.6363636363636364,0.5454545454545454,0.5909090909090909,0.5909090909090909,0.5454545454545454,0.5454545454545454,0.5,0.5,0.5909090909090909,0.5454545454545454,0.5,0.6363636363636364,0.5909090909090909,0.5454545454545454,0.5909090909090909,0.8636363636363636,0.7727272727272727,0.5909090909090909,0.5454545454545454,0.5454545454545454,0.7272727272727273,0.5454545454545454,0.5454545454545454,0.45454545454545453,0.5909090909090909,0.5909090909090909,0.5,0.6818181818181818,0.5454545454545454,0.5,0.5,0.6363636363636364,0.5,0.5909090909090909,0.7272727272727273,0.5,0.45454545454545453,0.5909090909090909,0.5909090909090909,0.5454545454545454,0.5909090909090909,0.5909090909090909,0.5909090909090909,0.4090909090909091,0.7727272727272727,0.7727272727272727,0.5454545454545454,0.5,0.5,0.5,0.5454545454545454,0.5909090909090909,0.8636363636363636,0.9090909090909091,0.45454545454545453,0.8181818181818182,0.5,0.5,0.5,0.7272727272727273,0.5454545454545454,0.4090909090909091,0.45454545454545453,0.5909090909090909,0.5909090909090909,0.5,0.5454545454545454,0.5,0.5454545454545454,0.6363636363636364,0.9090909090909091,0.5454545454545454,0.6363636363636364,0.4090909090909091,0.6818181818181818,0.6818181818181818,0.5909090909090909,0.9545454545454546,0.45454545454545453,0.7272727272727273,0.9090909090909091,0.7727272727272727,0.45454545454545453,0.5454545454545454,0.5,0.36363636363636365,0.6363636363636364,0.6818181818181818,0.5,0.45454545454545453,0.5454545454545454,0.5,0.5,0.4090909090909091,0.6363636363636364,0.6818181818181818,0.5909090909090909,0.45454545454545453,0.5,0.6818181818181818,0.5909090909090909,0.5909090909090909,0.6363636363636364,0.6818181818181818,0.5,0.45454545454545453,0.5,0.5,0.5454545454545454,0.45454545454545453,0.5909090909090909,0.5909090909090909,0.7272727272727273,0.5909090909090909,0.5909090909090909,0.5,0.5909090909090909,0.5909090909090909,0.5,0.5909090909090909,0.5909090909090909,0.5909090909090909,0.4090909090909091,0.5909090909090909,0.4090909090909091,0.6818181818181818,0.5454545454545454,0.5,0.6363636363636364,0.5454545454545454,0.8181818181818182,0.5,0.45454545454545453,0.5454545454545454,0.5,0.5454545454545454,0.5,0.5454545454545454,0.5454545454545454,0.5,0.5909090909090909,0.5454545454545454,0.5454545454545454,0.5454545454545454,0.45454545454545453,0.5
R,0.3333333333333333,0.3333333333333333,0.2857142857142857,0.3333333333333333,0.42857142857142855,0.3333333333333333,0.47619047619047616,0.2857142857142857,0.6666666666666666,0.38095238095238093,0.3333333333333333,0.2857142857142857,0.3333333333333333,0.3333333333333333,0.38095238095238093,0.42857142857142855,0.3333333333333333,0.5238095238095238,1.0,0.38095238095238093,0.3333333333333333,0.6190476190476191,0.38095238095238093,0.5238095238095238,0.3333333333333333,0.38095238095238093,0.38095238095238093,0.38095238095238093,0.7142857142857143,0.5714285714285714,0.38095238095238093,0.5714285714285714,0.5238095238095238,0.3333333333333333,0.47619047619047616,0.7142857142857143,0.2857142857142857,0.38095238095238093,0.42857142857142855,0.5714285714285714,0.2857142857142857,0.5238095238095238,0.2857142857142857,0.2857142857142857,0.7142857142857143,0.38095238095238093,0.3333333333333333,0.38095238095238093,0.38095238095238093,0.42857142857142855,0.3333333333333333,0.38095238095238093,0.47619047619047616,0.6190476190476191,0.38095238095238093,0.47619047619047616,0.7142857142857143,0.47619047619047616,0.42857142857142855,0.6666666666666666,0.47619047619047616,0.47619047619047616,0.47619047619047616,0.6190476190476191,0.47619047619047616,0.42857142857142855,0.7619047619047619,0.5238095238095238,0.5714285714285714,0.5238095238095238,0.47619047619047616,0.9047619047619048,0.5714285714285714,0.38095238095238093,0.8571428571428571,0.3333333333333333,0.5714285714285714,0.42857142857142855,0.38095238095238093,0.47619047619047616,0.7619047619047619,0.5238095238095238,0.42857142857142855,0.7142857142857143,0.6190476190476191,0.5238095238095238,0.38095238095238093,0.38095238095238093,0.8095238095238095,0.47619047619047616,0.7619047619047619,0.5238095238095238,0.5714285714285714,0.47619047619047616,0.5714285714285714,0.38095238095238093,0.47619047619047616,0.42857142857142855,0.38095238095238093,0.6190476190476191,0.47619047619047616,0.38095238095238093,0.47619047619047616,0.38095238095238093,0.6190476190476191,0.5238095238095238,0.38095238095238093,0.42857142857142855,0.47619047619047616,0.38095238095238093,0.47619047619047616,0.47619047619047616,0.3333333333333333,0.5238095238095238,0.47619047619047616,0.42857142857142855,0.42857142857142855,0.42857142857142855,0.5714285714285714,0.47619047619047616,0.7142857142857143,0.47619047619047616,0.42857142857142855,0.3333333333333333,0.42857142857142855,0.42857142857142855,0.38095238095238093,0.3333333333333333,0.38095238095238093,0.38095238095238093,0.42857142857142855,0.42857142857142855,0.42857142857142855,0.42857142857142855,0.38095238095238093,0.38095238095238093,0.38095238095238093,0.3333333333333333,0.42857142857142855,0.5714285714285714,0.7142857142857143,0.2857142857142857,0.7619047619047619,0.47619047619047616,0.47619047619047616,0.3333333333333333,0.42857142857142855,0.7142857142857143,0.42857142857142855,0.42857142857142855,0.3333333333333333,0.5714285714285714,0.5714285714285714,0.3333333333333333,0.3333333333333333,0.7619047619047619,0.6666666666666666,0.3333333333333333,0.2857142857142857,0.6190476190476191,0.38095238095238093,0.3333333333333333,0.2857142857142857,0.47619047619047616,0.7142857142857143,0.3333333333333333,0.38095238095238093,0.38095238095238093,0.3333333333333333,0.2857142857142857,0.38095238095238093,0.47619047619047616,0.3333333333333333,0.7142857142857143,0.38095238095238093,0.3333333333333333,0.3333333333333333,0.2857142857142857,0.7142857142857143,0.6190476190476191,0.5714285714285714,0.5714285714285714,0.47619047619047616,0.5714285714285714,0.6666666666666666,0.42857142857142855,0.47619047619047616,0.9047619047619048,0.42857142857142855,0.42857142857142855,0.5714285714285714,0.5714285714285714,0.3333333333333333,0.47619047619047616,0.5238095238095238,0.8095238095238095,0.47619047619047616,0.5238095238095238,0.8571428571428571,0.5714285714285714,0.6666666666666666,0.6190476190476191,0.38095238095238093,0.7619047619047619,0.3333333333333333,0.6190476190476191,0.7619047619047619,0.3333333333333333,0.47619047619047616,0.3333333333333333,0.5714285714285714,0.2857142857142857,0.42857142857142855,0.6190476190476191,0.47619047619047616,0.6190476190476191,0.38095238095238093,0.6666666666666666,0.5714285714285714,0.42857142857142855,0.47619047619047616,0.42857142857142855,0.42857142857142855,0.42857142857142855,0.42857142857142855,0.47619047619047616
N,0.38095238095238093,0.38095238095238093,0.2857142857142857,0.3333333333333333,0.38095238095238093,0.3333333333333333,0.47619047619047616,0.2857142857142857,0.6190476190476191,0.6190476190476191,0.38095238095238093,0.2857142857142857,0.2857142857142857,0.2857142857142857,0.38095238095238093,0.38095238095238093,0.47619047619047616,0.42857142857142855,0.38095238095238093,0.38095238095238093,0.38095238095238093,0.6666666666666666,0.47619047619047616,0.6666666666666666,0.3333333333333333,0.2857142857142857,0.47619047619047616,0.7619047619047619,0.5714285714285714,0.8571428571428571,0.38095238095238093,0.6190476190476191,0.38095238095238093,0.2857142857142857,0.42857142857142855,0.42857142857142855,0.2857142857142857,0.42857142857142855,0.5238095238095238,0.9047619047619048,0.2857142857142857,0.3333333333333333,0.2857142857142857,0.3333333333333333,0.38095238095238093,0.38095238095238093,0.38095238095238093,0.42857142857142855,0.38095238095238093,0.38095238095238093,0.47619047619047616,0.47619047619047616,0.47619047619047616,0.5714285714285714,0.38095238095238093,0.42857142857142855,0.5714285714285714,0.42857142857142855,0.3333333333333333,0.5238095238095238,0.5238095238095238,0.8095238095238095,0.3333333333333333,0.6190476190476191,0.38095238095238093,0.47619047619047616,0.5714285714285714,0.5238095238095238,0.7619047619047619,0.6190476190476191,0.6666666666666666,0.47619047619047616,0.5238095238095238,0.47619047619047616,0.5238095238095238,0.3333333333333333,0.5238095238095238,0.47619047619047616,0.38095238095238093,0.6666666666666666,0.7142857142857143,0.47619047619047616,0.38095238095238093,0.47619047619047616,0.7142857142857143,0.42857142857142855,0.3333333333333333,0.47619047619047616,0.6190476190476191,0.7142857142857143,0.5714285714285714,0.5238095238095238,0.6666666666666666,0.38095238095238093,0.5238095238095238,0.38095238095238093,0.6190476190476191,0.38095238095238093,0.3333333333333333,0.38095238095238093,0.47619047619047616,0.47619047619047616,0.38095238095238093,0.5238095238095238,0.6666666666666666,0.6666666666666666,0.42857142857142855,0.5238095238095238,0.5238095238095238,0.3333333333333333,0.42857142857142855,0.5714285714285714,0.42857142857142855,0.47619047619047616,0.42857142857142855,0.6666666666666666,0.38095238095238093,0.6190476190476191,0.47619047619047616,0.5714285714285714,0.5714285714285714,0.47619047619047616,0.47619047619047616,0.3333333333333333,0.47619047619047616,0.42857142857142855,0.42857142857142855,0.38095238095238093,0.42857142857142855,0.38095238095238093,0.6190476190476191,0.38095238095238093,0.5238095238095238,0.3333333333333333,0.42857142857142855,0.47619047619047616,0.38095238095238093,0.3333333333333333,0.5238095238095238,0.5238095238095238,0.6666666666666666,0.2857142857142857,0.5238095238095238,0.47619047619047616,0.8095238095238095,0.2857142857142857,0.5714285714285714,0.42857142857142855,0.5238095238095238,0.42857142857142855,0.3333333333333333,0.42857142857142855,0.6190476190476191,0.2857142857142857,0.3333333333333333,0.47619047619047616,0.6666666666666666,0.3333333333333333,0.2857142857142857,0.5238095238095238,0.38095238095238093,0.38095238095238093,0.2857142857142857,0.47619047619047616,0.9047619047619048,0.47619047619047616,0.5238095238095238,0.5238095238095238,0.42857142857142855,0.42857142857142855,0.7142857142857143,0.9047619047619048,0.2857142857142857,0.6666666666666666,0.3333333333333333,0.3333333333333333,0.3333333333333333,0.2857142857142857,0.5238095238095238,0.5714285714285714,0.6666666666666666,0.5238095238095238,0.6190476190476191,0.47619047619047616,0.5714285714285714,0.42857142857142855,0.38095238095238093,0.42857142857142855,0.8095238095238095,0.47619047619047616,0.5238095238095238,0.47619047619047616,0.3333333333333333,0.8571428571428571,0.47619047619047616,0.47619047619047616,0.5238095238095238,0.5238095238095238,0.5238095238095238,0.5238095238095238,0.6190476190476191,0.6190476190476191,0.3333333333333333,0.5714285714285714,0.3333333333333333,0.47619047619047616,0.42857142857142855,0.5714285714285714,0.47619047619047616,0.38095238095238093,0.42857142857142855,0.2857142857142857,0.3333333333333333,0.5714285714285714,0.42857142857142855,0.5714285714285714,0.38095238095238093,0.47619047619047616,0.6190476190476191,0.42857142857142855,0.47619047619047616,0.5238095238095238,0.38095238095238093,0.47619047619047616,0.47619047619047616,0.42857142857142855
D,0.36363636363636365,0.36363636363636365,0.3181818181818182,0.36363636363636365,0.36363636363636365,0.36363636363636365,0.4090909090909091,0.2727272727272727,0.7272727272727273,0.9090909090909091,0.4090909090909091,0.3181818181818182,0.3181818181818182,0.3181818181818182,0.4090909090909091,0.36363636363636365,0.9545454545454546,0.4090909090909091,0.36363636363636365,0.4090909090909091,0.36363636363636365,0.5909090909090909,0.7272727272727273,0.5454545454545454,0.3181818181818182,0.3181818181818182,0.45454545454545453,0.9090909090909091,0.4090909090909091,0.5454545454545454,0.3181818181818182,0.6818181818181818,0.36363636363636365,0.3181818181818182,0.36363636363636365,0.4090909090909091,0.3181818181818182,0.5,0.8181818181818182,0.5,0.2727272727272727,0.3181818181818182,0.3181818181818182,0.3181818181818182,0.4090909090909091,0.4090909090909091,0.36363636363636365,0.4090909090909091,0.36363636363636365,0.36363636363636365,0.9545454545454546,0.5,0.7272727272727273,0.4090909090909091,0.36363636363636365,0.4090909090909091,0.7727272727272727,0.36363636363636365,0.36363636363636365,0.5,0.45454545454545453,0.5,0.36363636363636365,0.6363636363636364,0.36363636363636365,0.36363636363636365,0.5,0.36363636363636365,0.5454545454545454,0.45454545454545453,0.5909090909090909,0.5,0.5909090909090909,0.4090909090909091,0.5,0.36363636363636365,0.5454545454545454,0.45454545454545453,0.36363636363636365,0.5,0.5,0.4090909090909091,0.36363636363636365,0.5,0.6818181818181818,0.45454545454545453,0.36363636363636365,0.36363636363636365,0.5454545454545454,0.45454545454545453,0.5,0.6818181818181818,0.5,0.4090909090909091,0.5454545454545454,0.5909090909090909,0.5454545454545454,0.4090909090909091,0.36363636363636365,0.4090909090909091,0.45454545454545453,0.45454545454545453,0.4090909090909091,0.9545454545454546,0.5454545454545454,0.5909090909090909,0.5,0.45454545454545453,0.45454545454545453,0.36363636363636365,0.36363636363636365,0.5909090909090909,0.36363636363636365,0.6363636363636364,0.4090909090909091,0.6818181818181818,0.4090909090909091,0.45454545454545453,0.4090909090909091,0.8181818181818182,0.5,0.5454545454545454,0.5454545454545454,0.36363636363636365,0.45454545454545453,0.45454545454545453,0.5,0.4090909090909091,0.4090909090909091,0.36363636363636365,0.5909090909090909,0.5,0.36363636363636365,0.36363636363636365,0.36363636363636365,0.4090909090909091,0.5909090909090909,0.4090909090909091,0.7727272727272727,0.7272727272727273,0.5909090909090909,0.2727272727272727,0.5,0.6363636363636364,0.8181818181818182,0.3181818181818182,0.6818181818181818,0.5,0.7272727272727273,0.6818181818181818,0.36363636363636365,0.4090909090909091,0.6818181818181818,0.2727272727272727,0.3181818181818182,0.45454545454545453,0.8181818181818182,0.36363636363636365,0.3181818181818182,0.5,0.4090909090909091,0.36363636363636365,0.3181818181818182,0.45454545454545453,0.5,0.9545454545454546,0.4090909090909091,0.4090909090909091,0.4090909090909091,0.36363636363636365,0.5,0.5454545454545454,0.3181818181818182,0.9090909090909091,0.36363636363636365,0.3181818181818182,0.4090909090909091,0.3181818181818182,0.5909090909090909,0.5,0.7727272727272727,0.5909090909090909,0.5909090909090909,0.5454545454545454,0.7727272727272727,0.36363636363636365,0.36363636363636365,0.4090909090909091,0.5454545454545454,0.5,0.6818181818181818,0.5454545454545454,0.45454545454545453,0.5909090909090909,0.5454545454545454,0.45454545454545453,0.5909090909090909,0.5454545454545454,0.45454545454545453,0.5909090909090909,0.5,0.6363636363636364,0.36363636363636365,0.5454545454545454,0.3181818181818182,0.5454545454545454,0.4090909090909091,0.5454545454545454,0.4090909090909091,0.36363636363636365,0.45454545454545453,0.2727272727272727,0.4090909090909091,0.5,0.5,0.5909090909090909,0.4090909090909091,0.45454545454545453,0.6363636363636364,0.36363636363636365,0.5909090909090909,0.7727272727272727,0.4090909090909091,0.5454545454545454,0.6818181818181818,0.6363636363636364
C,0.37037037037037035,0.37037037037037035,0.37037037037037035,0.7037037037037037,0.37037037037037035,0.7037037037037037,0.5555555555555556,0.7037037037037037,0.3333333333333333,0.3333333333333333,0.5555555555555556,0.48148148148148145,0.5555555555555556,0.4074074074074074,0.5555555555555556,0.48148148148148145,0.2962962962962963,0.4074074074074074,0.2962962962962963,0.4074074074074074,0.37037037037037035,0.4074074074074074,0.37037037037037035,0.48148148148148145,0.4074074074074074,0.4074074074074074,0.5555555555555556,0.3333333333333333,0.3333333333333333,0.5185185185185185,0.9259259259259259,0.48148148148148145,0.2962962962962963,0.4074074074074074,0.48148148148148145,0.5185185185185185,0.4074074074074074,0.4444444444444444,0.4444444444444444,0.37037037037037035,0.5185185185185185,0.48148148148148145,0.9629629629629629,0.9259259259259259,0.4074074074074074,0.48148148148148145,0.3333333333333333,0.4444444444444444,0.5185185185185185,0.4074074074074074,0.2962962962962963,0.5925925925925926,0.4074074074074074,0.4074074074074074,0.4074074074074074,0.5925925925925926,0.37037037037037035,0.4074074074074074,0.48148148148148145,0.4444444444444444,0.4074074074074074,0.37037037037037035,0.5925925925925926,0.4074074074074074,0.48148148148148145,0.3333333333333333,0.4444444444444444,0.4074074074074074,0.4074074074074074,0.4444444444444444,0.4444444444444444,0.5185185185185185,0.4074074074074074,0.4444444444444444,0.5555555555555556,0.48148148148148145,0.6296296296296297,0.7407407407407407,0.7037037037037037,0.5925925925925926,0.5925925925925926,0.4444444444444444,0.5555555555555556,0.5185185185185185,0.4074074074074074,0.4074074074074074,0.7777777777777778,0.48148148148148145,0.4074074074074074,0.48148148148148145,0.48148148148148145,0.4074074074074074,0.4074074074074074,0.6666666666666666,0.48148148148148145,0.6296296296296297,0.4444444444444444,0.5185185185185185,0.4444444444444444,0.5555555555555556,0.5925925925925926,0.4074074074074074,0.5185185185185185,0.37037037037037035,0.6296296296296297,0.4444444444444444,0.37037037037037035,0.5555555555555556,0.4444444444444444,0.4444444444444444,0.5555555555555556,0.7037037037037037,0.5925925925925926,0.5185185185185185,0.4074074074074074,0.5185185185185185,0.3333333333333333,0.48148148148148145,0.6296296296296297,0.48148148148148145,0.48148148148148145,0.5185185185185185,0.37037037037037035,0.5555555555555556,0.5555555555555556,0.48148148148148145,0.4074074074074074,0.37037037037037035,0.37037037037037035,0.4444444444444444,0.5555555555555556,0.48148148148148145,0.5555555555555556,0.4444444444444444,0.5185185185185185,0.4074074074074074,0.5555555555555556,0.7037037037037037,0.2962962962962963,0.4444444444444444,0.4444444444444444,0.37037037037037035,0.37037037037037035,0.4444444444444444,0.48148148148148145,0.4444444444444444,0.4444444444444444,0.4444444444444444,0.2962962962962963,0.3333333333333333,0.7037037037037037,0.5555555555555556,0.4074074074074074,0.4444444444444444,0.6666666666666666,0.6666666666666666,0.4444444444444444,0.5185185185185185,0.4074074074074074,0.5925925925925926,0.48148148148148145,0.37037037037037035,0.4074074074074074,0.4074074074074074,0.5555555555555556,0.2962962962962963,0.4074074074074074,0.4444444444444444,0.37037037037037035,0.4444444444444444,0.4444444444444444,0.48148148148148145,0.5555555555555556,0.48148148148148145,0.5555555555555556,0.9259259259259259,0.4444444444444444,0.4074074074074074,0.4074074074074074,0.5925925925925926,0.4074074074074074,0.4444444444444444,0.48148148148148145,0.48148148148148145,0.4074074074074074,0.4444444444444444,0.4444444444444444,0.4074074074074074,0.37037037037037035,0.4444444444444444,0.4444444444444444,0.48148148148148145,0.4074074074074074,0.6296296296296297,0.5185185185185185,0.6296296296296297,0.4444444444444444,0.4074074074074074,0.3333333333333333,0.48148148148148145,0.4074074074074074,0.4444444444444444,0.48148148148148145,0.4444444444444444,0.7037037037037037,0.37037037037037035,0.4074074074074074,0.37037037037037035,0.6296296296296297,0.37037037037037035,0.4444444444444444,0.4444444444444444,0.4074074074074074,0.4444444444444444,0.37037037037037035,0.4074074074074074,0.4074074074074074,0.4444444444444444,0.37037037037037035,0.48148148148148145,0.5185185185185185,0.37037037037037035,0.4444444444444444,0.4444444444444444,0.2962962962962963,0.3333333333333333
Q,0.2857142857142857,0.3333333333333333,0.23809523809523808,0.3333333333333333,0.2857142857142857,0.3333333333333333,0.47619047619047616,0.23809523809523808,0.5714285714285714,0.42857142857142855,0.2857142857142857,0.2857142857142857,0.2857142857142857,0.2857142857142857,0.3333333333333333,0.3333333333333333,0.3333333333333333,0.38095238095238093,0.47619047619047616,0.3333333333333333,0.3333333333333333,0.5238095238095238,0.3333333333333333,0.42857142857142855,0.2857142857142857,0.2857142857142857,0.3333333333333333,0.38095238095238093,0.47619047619047616,0.38095238095238093,0.2857142857142857,0.5238095238095238,0.38095238095238093,0.2857142857142857,0.38095238095238093,0.6190476190476191,0.2857142857142857,0.5714285714285714,0.42857142857142855,0.47619047619047616,0.23809523809523808,0.3333333333333333,0.2857142857142857,0.2857142857142857,0.3333333333333333,0.3333333333333333,0.2857142857142857,0.3333333333333333,0.3333333333333333,0.42857142857142855,0.3333333333333333,0.3333333333333333,0.7619047619047619,0.5714285714285714,0.47619047619047616,0.42857142857142855,0.6666666666666666,0.47619047619047616,0.3333333333333333,0.5238095238095238,0.42857142857142855,0.7619047619047619,0.3333333333333333,0.6190476190476191,0.38095238095238093,0.5714285714285714,0.5238095238095238,0.47619047619047616,0.5714285714285714,0.42857142857142855,0.38095238095238093,0.5238095238095238,0.6666666666666666,0.3333333333333333,0.47619047619047616,0.2857142857142857,0.5714285714285714,0.42857142857142855,0.3333333333333333,0.42857142857142855,0.6190476190476191,0.47619047619047616,0.3333333333333333,0.6666666666666666,0.7619047619047619,0.42857142857142855,0.3333333333333333,0.3333333333333333,0.6190476190476191,0.5238095238095238,0.7142857142857143,0.42857142857142855,0.5714285714285714,0.38095238095238093,0.5238095238095238,0.38095238095238093,0.6190476190476191,0.38095238095238093,0.3333333333333333,0.38095238095238093,0.38095238095238093,0.38095238095238093,0.5238095238095238,0.38095238095238093,0.47619047619047616,0.5238095238095238,0.3333333333333333,0.38095238095238093,0.6666666666666666,0.3333333333333333,0.3333333333333333,0.47619047619047616,0.3333333333333333,0.47619047619047616,0.38095238095238093,0.38095238095238093,0.2857142857142857,0.38095238095238093,0.42857142857142855,0.5238095238095238,0.5238095238095238,0.6190476190476191,0.5714285714285714,0.2857142857142857,0.47619047619047616,0.38095238095238093,0.5238095238095238,0.2857142857142857,0.3333333333333333,0.2857142857142857,0.5714285714285714,0.42857142857142855,0.38095238095238093,0.3333333333333333,0.38095238095238093,0.38095238095238093,0.3333333333333333,0.3333333333333333,0.47619047619047616,0.5714285714285714,0.5714285714285714,0.2857142857142857,0.6190476190476191,0.5714285714285714,0.5714285714285714,0.38095238095238093,0.47619047619047616,0.5238095238095238,0.5238095238095238,0.5714285714285714,0.3333333333333333,0.6190476190476191,0.6190476190476191,0.2857142857142857,0.2857142857142857,0.5714285714285714,0.5238095238095238,0.3333333333333333,0.23809523809523808,0.5714285714285714,0.38095238095238093,0.2857142857142857,0.2857142857142857,0.47619047619047616,0.38095238095238093,0.3333333333333333,0.38095238095238093,0.38095238095238093,0.3333333333333333,0.2857142857142857,0.38095238095238093,0.47619047619047616,0.2857142857142857,0.38095238095238093,0.3333333333333333,0.2857142857142857,0.2857142857142857,0.2857142857142857,0.42857142857142855,0.5238095238095238,0.47619047619047616,0.5238095238095238,0.47619047619047616,0.42857142857142855,0.6190476190476191,0.38095238095238093,0.38095238095238093,0.42857142857142855,0.47619047619047616,0.3333333333333333,0.6190476190476191,0.5238095238095238,0.38095238095238093,0.47619047619047616,0.5238095238095238,0.47619047619047616,0.47619047619047616,0.6190476190476191,0.42857142857142855,0.6666666666666666,0.5238095238095238,0.5714285714285714,0.38095238095238093,0.47619047619047616,0.2857142857142857,0.47619047619047616,0.47619047619047616,0.38095238095238093,0.42857142857142855,0.38095238095238093,0.42857142857142855,0.2857142857142857,0.3333333333333333,0.42857142857142855,0.7142857142857143,0.5238095238095238,0.3333333333333333,0.5714285714285714,0.5238095238095238,0.3333333333333333,0.47619047619047616,0.5714285714285714,0.38095238095238093,0.47619047619047616,0.6190476190476191,0.5714285714285714
E,0.35,0.35,0.3,0.35,0.35,0.4,0.55,0.3,0.6,0.6,0.35,0.3,0.35,0.35,0.35,0.4,0.6,0.4,0.4,0.4,0.35,0.75,0.45,0.6,0.35,0.3,0.45,0.55,0.5,0.5,0.4,0.8,0.45,0.3,0.45,0.55,0.3,0.45,0.65,0.45,0.3,0.35,0.3,0.3,0.4,0.4,0.35,0.4,0.45,0.4,0.55,0.4,0.85,0.5,0.4,0.4,0.65,0.4,0.4,0.6,0.55,0.7,0.35,0.85,0.35,0.4,0.65,0.45,0.65,0.55,0.5,0.65,0.75,0.45,0.55,0.35,0.55,0.55,0.4,0.5,0.5,0.45,0.4,0.55,0.7,0.5,0.4,0.4,0.6,0.45,0.55,0.5,0.5,0.4,0.5,0.45,0.5,0.4,0.4,0.45,0.45,0.4,0.45,0.5,0.55,0.6,0.4,0.45,0.5,0.4,0.4,0.6,0.35,0.5,0.55,0.5,0.3,0.4,0.45,0.6,0.6,0.6,0.55,0.35,0.5,0.45,0.5,0.35,0.45,0.3,0.45,0.45,0.4,0.4,0.55,0.45,0.45,0.35,0.95,0.55,0.55,0.3,0.55,0.75,0.55,0.4,0.7,0.8,0.9,0.95,0.35,0.5,0.75,0.3,0.35,0.5,0.75,0.4,0.3,0.65,0.55,0.35,0.3,0.5,0.45,0.5,0.4,0.4,0.4,0.3,0.5,0.5,0.35,0.5,0.4,0.4,0.35,0.3,0.65,0.6,0.65,0.65,0.55,0.6,0.8,0.45,0.45,0.6,0.5,0.4,0.7,0.65,0.5,0.6,0.75,0.5,0.65,0.7,0.5,0.7,0.55,0.6,0.35,0.5,0.3,0.65,0.45,0.4,0.4,0.4,0.65,0.3,0.35,0.5,0.85,0.7,0.5,0.55,0.6,0.45,0.7,0.85,0.65,0.75,0.95,0.95
G,0.36363636363636365,0.4090909090909091,0.3181818181818182,0.45454545454545453,0.9545454545454546,0.4090909090909091,0.4090909090909091,0.5,0.5,0.7727272727272727,0.9545454545454546,0.36363636363636365,0.36363636363636365,0.36363636363636365,0.9090909090909091,0.5,0.45454545454545453,0.45454545454545453,0.36363636363636365,0.5909090909090909,0.4090909090909091,0.5909090909090909,0.9090909090909091,0.5454545454545454,0.36363636363636365,0.36363636363636365,0.5454545454545454,0.5,0.45454545454545453,0.45454545454545453,0.4090909090909091,0.5,0.4090909090909091,0.36363636363636365,0.4090909090909091,0.4090909090909091,0.3181818181818182,0.5454545454545454,0.45454545454545453,0.45454545454545453,0.3181818181818182,0.5454545454545454,0.4090909090909091,0.6363636363636364,0.9545454545454546,0.5,0.9545454545454546,0.5909090909090909,0.5909090909090909,0.6363636363636364,0.5,0.4090909090909091,0.5454545454545454,0.5,0.5,0.45454545454545453,0.5909090909090909,0.4090909090909091,0.5,0.6363636363636364,0.5909090909090909,0.5454545454545454,0.4090909090909091,0.6363636363636364,0.4090909090909091,0.5454545454545454,0.6363636363636364,0.45454545454545453,0.5454545454545454,0.5,0.9090909090909091,0.45454545454545453,0.5,0.5454545454545454,0.5,0.5,0.5454545454545454,0.5909090909090909,0.5,0.5454545454545454,0.5454545454545454,0.45454545454545453,0.4090909090909091,0.5,0.5454545454545454,0.45454545454545453,0.4090909090909091,0.4090909090909091,0.5909090909090909,0.45454545454545453,0.5909090909090909,0.8636363636363636,0.6363636363636364,0.45454545454545453,0.8181818181818182,0.5,0.7727272727272727,0.45454545454545453,0.4090909090909091,0.45454545454545453,0.9090909090909091,0.9545454545454546,0.5454545454545454,0.5454545454545454,0.5454545454545454,0.5909090909090909,0.9545454545454546,0.7272727272727273,0.6363636363636364,0.4090909090909091,0.45454545454545453,0.5909090909090909,0.4090909090909091,0.5909090909090909,0.45454545454545453,0.7272727272727273,0.9545454545454546,0.5454545454545454,0.5,0.5,0.5,0.6363636363636364,0.45454545454545453,0.4090909090909091,0.5,0.5,0.6818181818181818,0.9545454545454546,0.6363636363636364,1.0,0.5909090909090909,0.45454545454545453,0.5454545454545454,0.5454545454545454,0.4090909090909091,0.8181818181818182,0.4090909090909091,0.4090909090909091,0.4090909090909091,0.5454545454545454,0.7272727272727273,0.36363636363636365,0.45454545454545453,0.45454545454545453,0.7727272727272727,0.36363636363636365,0.5,0.4090909090909091,0.4090909090909091,0.45454545454545453,0.7727272727272727,0.45454545454545453,0.6363636363636364,0.3181818181818182,0.5909090909090909,0.5,0.5454545454545454,0.6363636363636364,0.3181818181818182,0.5454545454545454,0.5454545454545454,0.9545454545454546,0.36363636363636365,0.45454545454545453,0.6818181818181818,0.4090909090909091,0.7272727272727273,0.9090909090909091,0.45454545454545453,1.0,0.8181818181818182,0.5909090909090909,0.36363636363636365,0.45454545454545453,0.45454545454545453,0.5,0.4090909090909091,0.36363636363636365,0.45454545454545453,0.5454545454545454,0.7272727272727273,0.7272727272727273,0.8181818181818182,0.5454545454545454,0.5,0.4090909090909091,0.4090909090909091,0.4090909090909091,0.7272727272727273,0.4090909090909091,0.5,0.5,0.45454545454545453,0.5909090909090909,0.5,0.45454545454545453,0.7727272727272727,0.5,0.4090909090909091,0.5454545454545454,0.7727272727272727,0.6363636363636364,0.36363636363636365,0.5454545454545454,0.36363636363636365,0.45454545454545453,0.45454545454545453,0.9545454545454546,0.45454545454545453,0.36363636363636365,0.5909090909090909,0.3181818181818182,0.36363636363636365,0.5,0.4090909090909091,0.5,0.36363636363636365,0.45454545454545453,0.45454545454545453,0.4090909090909091,0.5,0.45454545454545453,0.4090909090909091,0.45454545454545453,0.4090909090909091,0.4090909090909091
H,0.25,0.2916666666666667,0.20833333333333334,0.2916666666666667,0.2916666666666667,0.2916666666666667,0.4166666666666667,0.375,0.375,0.4166666666666667,0.375,0.25,0.25,0.2916666666666667,0.2916666666666667,0.2916666666666667,0.2916666666666667,0.2916666666666667,0.3333333333333333,0.2916666666666667,0.2916666666666667,0.375,0.3333333333333333,0.5,0.3333333333333333,0.25,0.3333333333333333,0.5416666666666666,0.4166666666666667,0.5416666666666666,0.25,0.4166666666666667,0.5,0.25,0.9166666666666666,0.5,0.25,0.6666666666666666,0.5,0.625,0.25,0.4166666666666667,0.25,0.25,0.2916666666666667,0.3333333333333333,0.2916666666666667,0.3333333333333333,0.2916666666666667,0.2916666666666667,0.2916666666666667,0.4583333333333333,0.5,0.625,0.2916666666666667,0.2916666666666667,0.4166666666666667,0.375,0.2916666666666667,0.5416666666666666,0.4583333333333333,0.625,0.2916666666666667,0.4583333333333333,0.3333333333333333,0.875,0.4583333333333333,0.4583333333333333,0.5416666666666666,0.4583333333333333,0.4583333333333333,0.4166666666666667,0.4583333333333333,0.3333333333333333,0.4166666666666667,0.2916666666666667,0.4583333333333333,0.5416666666666666,0.3333333333333333,0.375,0.5416666666666666,0.5,0.3333333333333333,0.4166666666666667,0.5416666666666666,0.7083333333333334,0.4166666666666667,0.5,0.4583333333333333,0.5833333333333334,0.625,0.5,0.7083333333333334,0.3333333333333333,0.375,0.3333333333333333,0.5416666666666666,0.3333333333333333,0.3333333333333333,0.375,0.375,0.3333333333333333,0.4583333333333333,0.5,0.4583333333333333,0.5416666666666666,0.3333333333333333,0.375,0.8333333333333334,0.3333333333333333,0.5833333333333334,0.4166666666666667,0.2916666666666667,0.75,0.375,0.8333333333333334,0.25,0.375,0.3333333333333333,0.625,0.4583333333333333,0.4583333333333333,0.375,0.375,0.4166666666666667,0.3333333333333333,0.3333333333333333,0.2916666666666667,0.2916666666666667,0.25,0.4166666666666667,0.3333333333333333,0.375,0.4166666666666667,0.375,0.5833333333333334,0.4583333333333333,0.2916666666666667,0.3333333333333333,0.5,0.625,0.3333333333333333,0.5,0.4583333333333333,0.4166666666666667,0.4166666666666667,0.4166666666666667,0.375,0.4166666666666667,0.3333333333333333,0.2916666666666667,0.375,0.4583333333333333,0.25,0.2916666666666667,0.4166666666666667,0.4583333333333333,0.2916666666666667,0.25,0.5833333333333334,0.5,0.2916666666666667,0.25,0.625,0.5,0.4583333333333333,0.2916666666666667,0.3333333333333333,0.2916666666666667,0.25,0.375,0.4166666666666667,0.2916666666666667,0.5,0.3333333333333333,0.25,0.2916666666666667,0.25,0.4166666666666667,0.4166666666666667,0.4166666666666667,0.4583333333333333,0.5,0.375,0.4583333333333333,0.6666666666666666,0.5,0.4583333333333333,0.5,0.6666666666666666,0.4166666666666667,0.4583333333333333,0.375,0.4583333333333333,0.4166666666666667,0.375,0.375,0.4583333333333333,0.4166666666666667,0.4583333333333333,0.4583333333333333,0.5833333333333334,0.4166666666666667,0.5416666666666666,0.375,0.375,0.5,0.3333333333333333,0.4166666666666667,0.25,0.4166666666666667,0.25,0.2916666666666667,0.4166666666666667,0.4583333333333333,0.5,0.25,0.5416666666666666,0.5,0.3333333333333333,0.4166666666666667,0.4166666666666667,0.3333333333333333,0.5,0.375,0.375
I,0.4166666666666667,0.4166666666666667,0.9583333333333334,0.625,0.375,0.75,0.75,0.5,0.4583333333333333,0.4166666666666667,0.375,0.75,0.8333333333333334,0.7916666666666666,0.375,0.4583333333333333,0.3333333333333333,0.4583333333333333,0.3333333333333333,0.4583333333333333,0.4583333333333333,0.5416666666666666,0.375,0.5,0.875,0.7916666666666666,0.5416666666666666,0.4166666666666667,0.375,0.5,0.5,0.4583333333333333,0.375,0.9166666666666666,0.4166666666666667,0.4583333333333333,0.875,0.4583333333333333,0.375,0.4166666666666667,0.9583333333333334,0.4583333333333333,0.5,0.4166666666666667,0.5416666666666666,0.4583333333333333,0.375,0.5416666666666666,0.4583333333333333,0.4166666666666667,0.375,0.5416666666666666,0.4583333333333333,0.5416666666666666,0.7083333333333334,0.5,0.4583333333333333,0.75,0.7916666666666666,0.4583333333333333,0.4583333333333333,0.4166666666666667,0.6666666666666666,0.4583333333333333,0.6666666666666666,0.4583333333333333,0.4583333333333333,0.6666666666666666,0.4583333333333333,0.5833333333333334,0.375,0.5,0.5833333333333334,0.5833333333333334,0.4583333333333333,0.625,0.6666666666666666,0.5416666666666666,0.5,0.5833333333333334,0.5,0.7083333333333334,0.6666666666666666,0.4583333333333333,0.4583333333333333,0.6666666666666666,0.5833333333333334,0.5,0.4583333333333333,0.625,0.5416666666666666,0.4583333333333333,0.5,0.7916666666666666,0.5833333333333334,0.5833333333333334,0.4583333333333333,0.7083333333333334,0.8333333333333334,0.75,0.4583333333333333,0.5416666666666666,0.6666666666666666,0.4166666666666667,0.625,0.5416666666666666,0.4166666666666667,0.5,0.4583333333333333,0.7083333333333334,0.5416666666666666,0.5,0.875,0.5,0.5833333333333334,0.4166666666666667,0.4583333333333333,0.4583333333333333,0.5833333333333334,0.5416666666666666,0.5833333333333334,0.625,0.4166666666666667,0.5416666666666666,0.625,0.7083333333333334,0.5833333333333334,0.375,0.4166666666666667,0.3333333333333333,0.4166666666666667,0.625,0.5416666666666666,0.7083333333333334,0.7083333333333334,0.4583333333333333,0.75,0.5833333333333334,0.4583333333333333,0.4583333333333333,0.4583333333333333,0.5,0.4166666666666667,0.5,0.4166666666666667,0.5833333333333334,0.4583333333333333,0.5833333333333334,0.375,0.4166666666666667,0.5,0.75,0.4583333333333333,0.625,0.6666666666666666,0.5833333333333334,0.4166666666666667,0.4166666666666667,0.9166666666666666,0.5416666666666666,0.5,0.375,0.9166666666666666,0.5416666666666666,0.375,0.3333333333333333,0.5833333333333334,0.4166666666666667,0.375,0.3333333333333333,0.4166666666666667,0.5416666666666666,0.8333333333333334,0.375,0.75,0.5416666666666666,0.7916666666666666,0.9583333333333334,0.4583333333333333,0.5416666666666666,0.4583333333333333,0.5416666666666666,0.5416666666666666,0.5833333333333334,0.5,0.625,0.75,0.5416666666666666,0.4583333333333333,0.5416666666666666,0.625,0.625,0.5416666666666666,0.5833333333333334,0.5416666666666666,0.4583333333333333,0.625,0.5416666666666666,0.5833333333333334,0.5416666666666666,0.5416666666666666,0.5,0.5833333333333334,0.5416666666666666,0.6666666666666666,0.5416666666666666,0.5416666666666666,0.3333333333333333,0.5,0.5833333333333334,0.5,0.7916666666666666,0.6666666666666666,0.4583333333333333,0.4583333333333333,0.5833333333333334,0.7916666666666666,0.75,0.4166666666666667,0.75,0.7083333333333334,0.5833333333333334,0.7916666666666666,0.625,0.4166666666666667,0.375
L,0.45454545454545453,0.45454545454545453,0.6363636363636364,0.5909090909090909,0.4090909090909091,0.8181818181818182,0.7272727272727273,0.5454545454545454,0.45454545454545453,0.4090909090909091,0.4090909090909091,0.6363636363636364,0.6363636363636364,0.9090909090909091,0.4090909090909091,0.45454545454545453,0.36363636363636365,0.45454545454545453,0.4090909090909091,0.45454545454545453,0.45454545454545453,0.5,0.45454545454545453,0.5,0.6818181818181818,0.6363636363636364,0.5454545454545454,0.4090909090909091,0.4090909090909091,0.5,0.45454545454545453,0.5909090909090909,0.4090909090909091,0.8181818181818182,0.45454545454545453,0.5,0.8181818181818182,0.5,0.4090909090909091,0.45454545454545453,0.6363636363636364,0.5,0.5454545454545454,0.5,0.45454545454545453,0.5454545454545454,0.4090909090909091,0.5454545454545454,0.5,0.45454545454545453,0.36363636363636365,0.7272727272727273,0.45454545454545453,0.5909090909090909,0.7272727272727273,0.5,0.5909090909090909,0.8181818181818182,0.7727272727272727,0.5,0.5,0.45454545454545453,0.9090909090909091,0.5454545454545454,0.9090909090909091,0.5909090909090909,0.5,0.8636363636363636,0.5454545454545454,0.6363636363636364,0.5,0.5,0.6363636363636364,0.5909090909090909,0.6363636363636364,0.6363636363636364,0.5909090909090909,0.5454545454545454,0.5454545454545454,0.7272727272727273,0.5454545454545454,0.8181818181818182,0.8636363636363636,0.5,0.5909090909090909,0.7727272727272727,0.9090909090909091,0.5909090909090909,0.5,0.5909090909090909,0.5909090909090909,0.5909090909090909,0.6363636363636364,0.8181818181818182,0.5909090909090909,0.5909090909090909,0.5,0.8636363636363636,0.7727272727272727,0.8181818181818182,0.5,0.45454545454545453,0.5909090909090909,0.45454545454545453,0.6363636363636364,0.5454545454545454,0.45454545454545453,0.5454545454545454,0.5,0.9090909090909091,0.5909090909090909,0.5,0.6818181818181818,0.5454545454545454,0.7272727272727273,0.5454545454545454,0.36363636363636365,0.5,0.6818181818181818,0.5909090909090909,0.5454545454545454,0.8181818181818182,0.5909090909090909,0.5454545454545454,0.6818181818181818,0.5454545454545454,0.7727272727272727,0.4090909090909091,0.4090909090909091,0.36363636363636365,0.45454545454545453,0.8636363636363636,0.5,0.5909090909090909,0.6818181818181818,0.45454545454545453,0.6363636363636364,0.8636363636363636,0.4090909090909091,0.5909090909090909,0.5454545454545454,0.7272727272727273,0.5,0.5454545454545454,0.45454545454545453,0.8181818181818182,0.45454545454545453,0.7727272727272727,0.5,0.4090909090909091,0.45454545454545453,0.6818181818181818,0.5454545454545454,0.9545454545454546,0.7272727272727273,0.5909090909090909,0.5,0.45454545454545453,0.7727272727272727,0.6363636363636364,0.6363636363636364,0.4090909090909091,0.6363636363636364,0.7272727272727273,0.4090909090909091,0.36363636363636365,0.9090909090909091,0.45454545454545453,0.4090909090909091,0.36363636363636365,0.4090909090909091,0.5,0.6818181818181818,0.4090909090909091,0.8636363636363636,0.5454545454545454,0.6818181818181818,0.7272727272727273,0.5,0.5909090909090909,0.5,0.5909090909090909,0.5909090909090909,0.6363636363636364,0.5,0.7727272727272727,0.8636363636363636,0.5,0.45454545454545453,0.6818181818181818,0.6818181818181818,0.6818181818181818,0.5454545454545454,0.5,0.5909090909090909,0.5,0.5909090909090909,0.5454545454545454,0.5454545454545454,0.6818181818181818,0.6818181818181818,0.5909090909090909,0.6363636363636364,0.5909090909090909,0.6818181818181818,0.5,0.5909090909090909,0.4090909090909091,0.5454545454545454,0.5,0.5454545454545454,0.5909090909090909,0.9545454545454546,0.5909090909090909,0.5,0.5454545454545454,0.6363636363636364,0.6363636363636364,0.45454545454545453,0.8636363636363636,0.7272727272727273,0.5454545454545454,0.7727272727272727,0.7272727272727273,0.4090909090909091,0.4090909090909091
K,0.36363636363636365,0.4090909090909091,0.3181818181818182,0.4090909090909091,0.36363636363636365,0.36363636363636365,0.6363636363636364,0.3181818181818182,0.8181818181818182,0.5,0.36363636363636365,0.36363636363636365,0.36363636363636365,0.36363636363636365,0.4090909090909091,0.4090909090909091,0.4090909090909091,0.5,0.5454545454545454,0.4090909090909091,0.4090909090909091,0.5454545454545454,0.45454545454545453,0.5454545454545454,0.36363636363636365,0.36363636363636365,0.4090909090909091,0.45454545454545453,0.9090909090909091,0.5454545454545454,0.36363636363636365,0.6363636363636364,0.9545454545454546,0.36363636363636365,0.4090909090909091,0.6818181818181818,0.36363636363636365,0.45454545454545453,0.5909090909090909,0.7272727272727273,0.36363636363636365,0.36363636363636365,0.3181818181818182,0.36363636363636365,0.4090909090909091,0.4090909090909091,0.36363636363636365,0.4090909090909091,0.5,0.4090909090909091,0.4090909090909091,0.45454545454545453,0.5454545454545454,0.6363636363636364,0.4090909090909091,0.45454545454545453,0.6363636363636364,0.5,0.4090909090909091,0.6363636363636364,0.5909090909090909,0.5909090909090909,0.4090909090909091,0.5909090909090909,0.5,0.5,0.5909090909090909,0.5,0.6363636363636364,0.45454545454545453,0.5,0.6818181818181818,0.6818181818181818,0.4090909090909091,0.5454545454545454,0.36363636363636365,0.5909090909090909,0.45454545454545453,0.4090909090909091,0.5909090909090909,0.5909090909090909,0.5,0.4090909090909091,0.7727272727272727,0.5909090909090909,0.5,0.36363636363636365,0.4090909090909091,0.6818181818181818,0.5909090909090909,0.6818181818181818,0.5,0.5909090909090909,0.5,0.5454545454545454,0.45454545454545453,0.5,0.45454545454545453,0.4090909090909091,0.45454545454545453,0.45454545454545453,0.45454545454545453,0.5454545454545454,0.45454545454545453,0.6818181818181818,0.6363636363636364,0.5454545454545454,0.45454545454545453,0.5454545454545454,0.4090909090909091,0.4090909090909091,0.5454545454545454,0.4090909090909091,0.45454545454545453,0.45454545454545453,0.45454545454545453,0.36363636363636365,0.45454545454545453,0.45454545454545453,0.5,0.7727272727272727,0.5454545454545454,0.5454545454545454,0.36363636363636365,0.45454545454545453,0.45454545454545453,0.45454545454545453,0.4090909090909091,0.4090909090909091,0.36363636363636365,0.45454545454545453,0.5,0.4090909090909091,0.4090909090909091,0.45454545454545453,0.45454545454545453,0.4090909090909091,0.36363636363636365,0.5,0.5909090909090909,0.6363636363636364,0.3181818181818182,0.8636363636363636,0.5909090909090909,0.5454545454545454,0.36363636363636365,0.5,0.6818181818181818,0.5909090909090909,0.5454545454545454,0.4090909090909091,0.7727272727272727,0.7272727272727273,0.3181818181818182,0.36363636363636365,0.6818181818181818,0.6363636363636364,0.4090909090909091,0.3181818181818182,0.5909090909090909,0.45454545454545453,0.36363636363636365,0.36363636363636365,0.5909090909090909,0.45454545454545453,0.36363636363636365,0.4090909090909091,0.4090909090909091,0.4090909090909091,0.36363636363636365,0.45454545454545453,0.5,0.36363636363636365,0.5,0.4090909090909091,0.36363636363636365,0.36363636363636365,0.36363636363636365,0.5909090909090909,0.8181818181818182,0.5909090909090909,0.7272727272727273,0.5909090909090909,0.5909090909090909,0.6818181818181818,0.5,0.45454545454545453,0.5909090909090909,0.5,0.4090909090909091,0.5909090909090909,0.6818181818181818,0.4090909090909091,0.5454545454545454,0.7272727272727273,0.8181818181818182,0.5909090909090909,0.6818181818181818,0.7727272727272727,0.5909090909090909,0.6818181818181818,0.6818181818181818,0.4090909090909091,0.7727272727272727,0.36363636363636365,0.7727272727272727,0.7727272727272727,0.5909090909090909,0.45454545454545453,0.36363636363636365,0.6818181818181818,0.3181818181818182,0.5909090909090909,0.7727272727272727,0.6818181818181818,0.7727272727272727,0.5,0.6363636363636364,0.6818181818181818,0.5,0.5909090909090909,0.5454545454545454,0.5909090909090909,0.5,0.5454545454545454,0.5909090909090909
M,0.34615384615384615,0.34615384615384615,0.46153846153846156,0.6923076923076923,0.3076923076923077,0.5769230769230769,0.5384615384615384,0.38461538461538464,0.38461538461538464,0.34615384615384615,0.3076923076923077,0.46153846153846156,0.6153846153846154,0.6153846153846154,0.34615384615384615,0.38461538461538464,0.3076923076923077,0.46153846153846156,0.34615384615384615,0.38461538461538464,0.38461538461538464,0.5769230769230769,0.34615384615384615,0.6153846153846154,0.5769230769230769,0.46153846153846156,0.6153846153846154,0.38461538461538464,0.34615384615384615,0.5769230769230769,0.5,0.5384615384615384,0.34615384615384615,0.5,0.34615384615384615,0.4230769230769231,0.6538461538461539,0.38461538461538464,0.34615384615384615,0.5,0.6923076923076923,0.5384615384615384,0.5769230769230769,0.34615384615384615,0.5,0.38461538461538464,0.3076923076923077,0.5384615384615384,0.38461538461538464,0.38461538461538464,0.3076923076923077,0.5,0.46153846153846156,0.7307692307692307,0.6153846153846154,0.5,0.46153846153846156,0.7692307692307693,0.6153846153846154,0.4230769230769231,0.4230769230769231,0.46153846153846156,0.6923076923076923,0.38461538461538464,0.6923076923076923,0.5,0.5,0.6923076923076923,0.46153846153846156,0.5769230769230769,0.4230769230769231,0.46153846153846156,0.5,0.5769230769230769,0.46153846153846156,0.5,0.5,0.6923076923076923,0.4230769230769231,0.6153846153846154,0.5,0.7307692307692307,0.5769230769230769,0.46153846153846156,0.4230769230769231,0.7307692307692307,0.5384615384615384,0.5384615384615384,0.5,0.4230769230769231,0.5769230769230769,0.4230769230769231,0.6538461538461539,0.6538461538461539,0.6153846153846154,0.5384615384615384,0.5,0.6153846153846154,0.5769230769230769,0.5769230769230769,0.4230769230769231,0.38461538461538464,0.5,0.34615384615384615,0.5,0.46153846153846156,0.34615384615384615,0.5,0.5,0.5,0.46153846153846156,0.5,0.5,0.46153846153846156,0.46153846153846156,0.38461538461538464,0.3076923076923077,0.6153846153846154,0.5769230769230769,0.5769230769230769,0.46153846153846156,0.5769230769230769,0.5,0.6538461538461539,0.5384615384615384,0.5,0.8461538461538461,0.34615384615384615,0.34615384615384615,0.3076923076923077,0.4230769230769231,0.6153846153846154,0.46153846153846156,0.38461538461538464,0.8461538461538461,0.38461538461538464,0.6153846153846154,0.5769230769230769,0.34615384615384615,0.4230769230769231,0.46153846153846156,0.38461538461538464,0.4230769230769231,0.4230769230769231,0.38461538461538464,0.8846153846153846,0.4230769230769231,0.5384615384615384,0.34615384615384615,0.38461538461538464,0.34615384615384615,0.6153846153846154,0.4230769230769231,0.5384615384615384,0.5384615384615384,0.4230769230769231,0.4230769230769231,0.34615384615384615,0.46153846153846156,0.5,0.4230769230769231,0.3076923076923077,0.7307692307692307,0.6538461538461539,0.34615384615384615,0.2692307692307692,0.5769230769230769,0.4230769230769231,0.34615384615384615,0.3076923076923077,0.34615384615384615,0.46153846153846156,0.5,0.38461538461538464,0.6538461538461539,0.4230769230769231,0.46153846153846156,0.5769230769230769,0.46153846153846156,0.46153846153846156,0.4230769230769231,0.46153846153846156,0.46153846153846156,0.46153846153846156,0.4230769230769231,0.6153846153846154,0.6153846153846154,0.5,0.38461538461538464,0.46153846153846156,0.5384615384615384,0.5769230769230769,0.34615384615384615,0.4230769230769231,0.5,0.46153846153846156,0.5769230769230769,0.4230769230769231,0.38461538461538464,0.5769230769230769,0.46153846153846156,0.46153846153846156,0.4230769230769231,0.46153846153846156,0.5,0.38461538461538464,0.38461538461538464,0.3076923076923077,0.38461538461538464,0.4230769230769231,0.4230769230769231,0.46153846153846156,0.5384615384615384,0.4230769230769231,0.4230769230769231,0.5,0.5,0.5,0.38461538461538464,0.5769230769230769,0.5384615384615384,0.4230769230769231,0.5384615384615384,0.5,0.38461538461538464,0.34615384615384615
F,0.30434782608695654,0.30434782608695654,0.391304347826087,0.391304347826087,0.30434782608695654,0.4782608695652174,0.43478260869565216,0.9130434782608695,0.30434782608695654,0.30434782608695654,0.43478260869565216,0.391304347826087,0.43478260869565216,0.5217391304347826,0.391304347826087,0.34782608695652173,0.2608695652173913,0.34782608695652173,0.30434782608695654,0.34782608695652173,0.30434782608695654,0.391304347826087,0.30434782608695654,0.391304347826087,0.6086956521739131,0.4782608695652174,0.43478260869565216,0.43478260869565216,0.30434782608695654,0.43478260869565216,0.30434782608695654,0.5217391304347826,0.2608695652173913,0.4782608695652174,0.43478260869565216,0.7391304347826086,0.43478260869565216,0.34782608695652173,0.30434782608695654,0.43478260869565216,0.391304347826087,0.6521739130434783,0.391304347826087,0.34782608695652173,0.34782608695652173,0.34782608695652173,0.30434782608695654,0.391304347826087,0.34782608695652173,0.34782608695652173,0.2608695652173913,0.34782608695652173,0.43478260869565216,0.6086956521739131,0.43478260869565216,0.34782608695652173,0.34782608695652173,0.4782608695652174,0.4782608695652174,0.43478260869565216,0.4782608695652174,0.43478260869565216,0.43478260869565216,0.391304347826087,0.5652173913043478,0.6956521739130435,0.43478260869565216,0.5217391304347826,0.43478260869565216,0.5217391304347826,0.43478260869565216,0.34782608695652173,0.43478260869565216,0.34782608695652173,0.391304347826087,0.391304347826087,0.5217391304347826,0.43478260869565216,0.4782608695652174,0.43478260869565216,0.43478260869565216,0.6086956521739131,0.6956521739130435,0.43478260869565216,0.391304347826087,0.5652173913043478,0.4782608695652174,0.8695652173913043,0.391304347826087,0.6521739130434783,0.391304347826087,0.6086956521739131,0.5652173913043478,0.6086956521739131,0.43478260869565216,0.391304347826087,0.43478260869565216,0.6521739130434783,0.6086956521739131,0.5217391304347826,0.391304347826087,0.34782608695652173,0.5652173913043478,0.34782608695652173,0.5652173913043478,0.5217391304347826,0.34782608695652173,0.4782608695652174,0.4782608695652174,0.5217391304347826,0.782608695652174,0.43478260869565216,0.43478260869565216,0.5217391304347826,0.5652173913043478,0.43478260869565216,0.2608695652173913,0.391304347826087,0.4782608695652174,0.6086956521739131,0.391304347826087,0.4782608695652174,0.4782608695652174,0.8260869565217391,0.6086956521739131,0.43478260869565216,0.43478260869565216,0.34782608695652173,0.30434782608695654,0.30434782608695654,0.34782608695652173,0.5217391304347826,0.5652173913043478,0.34782608695652173,0.4782608695652174,0.34782608695652173,0.5652173913043478,0.782608695652174,0.391304347826087,0.391304347826087,0.4782608695652174,0.782608695652174,0.5652173913043478,0.4782608695652174,0.43478260869565216,0.6086956521739131,0.34782608695652173,0.43478260869565216,0.34782608695652173,0.391304347826087,0.30434782608695654,0.43478260869565216,0.391304347826087,0.6956521739130435,0.391304347826087,0.43478260869565216,0.34782608695652173,0.30434782608695654,0.43478260869565216,0.43478260869565216,0.391304347826087,0.30434782608695654,0.391304347826087,0.8260869565217391,0.391304347826087,0.2608695652173913,0.43478260869565216,0.4782608695652174,0.391304347826087,0.30434782608695654,0.34782608695652173,0.34782608695652173,0.5217391304347826,0.30434782608695654,0.5652173913043478,0.391304347826087,0.43478260869565216,0.43478260869565216,0.391304347826087,0.4782608695652174,0.391304347826087,0.5652173913043478,0.43478260869565216,0.43478260869565216,0.391304347826087,0.6956521739130435,0.6521739130434783,0.43478260869565216,0.34782608695652173,0.6956521739130435,0.5217391304347826,0.4782608695652174,0.43478260869565216,0.34782608695652173,0.6086956521739131,0.34782608695652173,0.43478260869565216,0.5652173913043478,0.391304347826087,0.5652173913043478,0.5217391304347826,0.4782608695652174,0.6521739130434783,0.391304347826087,0.8695652173913043,0.34782608695652173,0.34782608695652173,0.30434782608695654,0.34782608695652173,0.30434782608695654,0.34782608695652173,0.5217391304347826,0.4782608695652174,0.34782608695652173,0.30434782608695654,0.43478260869565216,0.5217391304347826,0.5652173913043478,0.30434782608695654,0.6086956521739131,0.4782608695652174,0.34782608695652173,0.4782608695652174,0.43478260869565216,0.30434782608695654,0.30434782608695654
P,0.391304347826087,0.391304347826087,0.34782608695652173,0.391304347826087,0.391304347826087,0.391304347826087,0.43478260869565216,0.30434782608695654,0.4782608695652174,0.43478260869565216,0.391304347826087,0.391304347826087,0.391304347826087,0.391304347826087,0.391304347826087,0.43478260869565216,0.391304347826087,0.4782608695652174,0.34782608695652173,0.43478260869565216,0.391304347826087,0.4782608695652174,0.391304347826087,0.782608695652174,0.391304347826087,0.34782608695652173,0.5652173913043478,0.43478260869565216,0.4782608695652174,0.43478260869565216,0.34782608695652173,0.5652173913043478,0.391304347826087,0.391304347826087,0.391304347826087,0.5652173913043478,0.4782608695652174,0.5217391304347826,0.8695652173913043,0.391304347826087,0.34782608695652173,0.34782608695652173,0.34782608695652173,0.391304347826087,0.4782608695652174,0.43478260869565216,0.391304347826087,0.43478260869565216,0.5217391304347826,0.5217391304347826,0.43478260869565216,0.43478260869565216,0.43478260869565216,0.43478260869565216,0.43478260869565216,0.5217391304347826,0.4782608695652174,0.391304347826087,0.43478260869565216,0.4782608695652174,0.43478260869565216,0.43478260869565216,0.391304347826087,0.5217391304347826,0.391304347826087,0.391304347826087,0.4782608695652174,0.43478260869565216,0.5217391304347826,0.43478260869565216,0.43478260869565216,0.43478260869565216,0.6956521739130435,0.9130434782608695,0.7391304347826086,0.43478260869565216,0.5652173913043478,0.43478260869565216,0.5217391304347826,0.5217391304347826,0.4782608695652174,0.43478260869565216,0.4782608695652174,0.5652173913043478,0.5217391304347826,0.43478260869565216,0.5217391304347826,0.5217391304347826,0.5217391304347826,0.43478260869565216,0.4782608695652174,0.43478260869565216,0.4782608695652174,0.43478260869565216,0.4782608695652174,0.4782608695652174,0.4782608695652174,0.43478260869565216,0.43478260869565216,0.4782608695652174,0.6521739130434783,0.43478260869565216,0.43478260869565216,0.43478260869565216,0.6956521739130435,0.4782608695652174,0.43478260869565216,0.8695652173913043,0.43478260869565216,0.43478260869565216,0.391304347826087,0.4782608695652174,0.43478260869565216,0.7391304347826086,0.8695652173913043,0.43478260869565216,0.4782608695652174,0.43478260869565216,0.43478260869565216,0.4782608695652174,0.6086956521739131,0.4782608695652174,0.9130434782608695,0.391304347826087,0.4782608695652174,0.4782608695652174,0.43478260869565216,0.391304347826087,0.43478260869565216,0.43478260869565216,0.6086956521739131,0.5652173913043478,0.6521739130434783,0.43478260869565216,0.391304347826087,0.5217391304347826,0.391304347826087,0.391304347826087,0.391304347826087,0.4782608695652174,0.4782608695652174,0.34782608695652173,0.43478260869565216,0.8695652173913043,0.43478260869565216,0.34782608695652173,0.4782608695652174,0.43478260869565216,0.43478260869565216,0.43478260869565216,0.43478260869565216,0.43478260869565216,0.5652173913043478,0.34782608695652173,0.391304347826087,0.43478260869565216,0.43478260869565216,0.4782608695652174,0.34782608695652173,0.5217391304347826,0.43478260869565216,0.391304347826087,0.34782608695652173,0.43478260869565216,0.391304347826087,0.391304347826087,0.5217391304347826,0.43478260869565216,0.391304347826087,0.34782608695652173,0.5217391304347826,0.4782608695652174,0.5217391304347826,0.391304347826087,0.43478260869565216,0.391304347826087,0.391304347826087,0.391304347826087,0.4782608695652174,0.6086956521739131,0.4782608695652174,0.6086956521739131,0.6086956521739131,0.5217391304347826,0.4782608695652174,0.391304347826087,0.43478260869565216,0.4782608695652174,0.8260869565217391,0.6086956521739131,0.5652173913043478,0.5217391304347826,0.9130434782608695,0.6086956521739131,0.6521739130434783,0.7391304347826086,0.5652173913043478,0.6956521739130435,0.6521739130434783,0.6086956521739131,0.6521739130434783,0.6521739130434783,0.4782608695652174,0.5217391304347826,0.4782608695652174,0.8260869565217391,0.8260869565217391,0.391304347826087,0.4782608695652174,0.43478260869565216,0.7391304347826086,0.34782608695652173,0.34782608695652173,0.4782608695652174,0.43478260869565216,0.4782608695652174,0.391304347826087,0.4782608695652174,0.8695652173913043,0.391304347826087,0.5217391304347826,0.4782608695652174,0.43478260869565216,0.43478260869565216,0.43478260869565216,0.43478260869565216
S,0.5238095238095238,0.6666666666666666,0.38095238095238093,0.47619047619047616,0.47619047619047616,0.42857142857142855,0.47619047619047616,0.42857142857142855,0.5238095238095238,0.5238095238095238,0.47619047619047616,0.38095238095238093,0.38095238095238093,0.38095238095238093,0.5238095238095238,0.5714285714285714,0.42857142857142855,0.7619047619047619,0.38095238095238093,0.6666666666666666,0.6190476190476191,0.7142857142857143,0.6190476190476191,0.7142857142857143,0.42857142857142855,0.42857142857142855,0.6666666666666666,0.6666666666666666,0.47619047619047616,0.6666666666666666,0.6666666666666666,0.6666666666666666,0.47619047619047616,0.38095238095238093,0.42857142857142855,0.47619047619047616,0.38095238095238093,0.7619047619047619,0.5714285714285714,0.5714285714285714,0.38095238095238093,0.42857142857142855,0.5238095238095238,0.5238095238095238,0.47619047619047616,0.7619047619047619,0.42857142857142855,0.7142857142857143,0.6190476190476191,0.6190476190476191,0.42857142857142855,0.5238095238095238,0.5714285714285714,0.5238095238095238,0.5238095238095238,0.5714285714285714,0.5714285714285714,0.47619047619047616,0.47619047619047616,0.8095238095238095,0.8571428571428571,0.5714285714285714,0.47619047619047616,0.6190476190476191,0.47619047619047616,0.42857142857142855,0.7142857142857143,0.47619047619047616,0.7619047619047619,0.6666666666666666,0.5714285714285714,0.5238095238095238,0.5714285714285714,0.6666666666666666,0.6190476190476191,0.42857142857142855,0.6190476190476191,0.6666666666666666,0.6190476190476191,0.6190476190476191,0.6666666666666666,0.5714285714285714,0.47619047619047616,0.6666666666666666,0.6190476190476191,0.47619047619047616,0.42857142857142855,0.47619047619047616,0.6666666666666666,0.6190476190476191,0.5238095238095238,0.5238095238095238,0.6190476190476191,0.5238095238095238,0.7142857142857143,0.6666666666666666,0.6666666666666666,0.6190476190476191,0.42857142857142855,0.5238095238095238,0.5238095238095238,0.6190476190476191,0.5238095238095238,0.5238095238095238,0.6190476190476191,0.6666666666666666,0.47619047619047616,0.5714285714285714,0.6666666666666666,0.42857142857142855,0.47619047619047616,0.8095238095238095,0.42857142857142855,0.6666666666666666,0.5714285714285714,0.47619047619047616,0.42857142857142855,0.9047619047619048,0.6666666666666666,0.6190476190476191,0.6666666666666666,0.5714285714285714,0.5714285714285714,0.38095238095238093,0.6190476190476191,0.7619047619047619,0.5714285714285714,0.47619047619047616,0.9523809523809523,0.47619047619047616,0.9047619047619048,0.6190476190476191,0.5714285714285714,0.5714285714285714,0.42857142857142855,0.7619047619047619,0.42857142857142855,0.6190476190476191,0.42857142857142855,0.7619047619047619,0.6190476190476191,0.38095238095238093,0.5714285714285714,0.5714285714285714,0.5714285714285714,0.38095238095238093,0.7619047619047619,0.5238095238095238,0.5238095238095238,0.6190476190476191,0.5238095238095238,0.47619047619047616,0.5714285714285714,0.3333333333333333,0.47619047619047616,0.6666666666666666,0.5714285714285714,0.6190476190476191,0.38095238095238093,0.6666666666666666,0.7142857142857143,0.47619047619047616,0.38095238095238093,0.5238095238095238,0.5714285714285714,0.42857142857142855,0.47619047619047616,0.7142857142857143,0.9523809523809523,0.47619047619047616,0.8571428571428571,0.6666666666666666,0.42857142857142855,0.47619047619047616,0.47619047619047616,0.42857142857142855,0.42857142857142855,0.38095238095238093,0.6666666666666666,0.5714285714285714,0.6666666666666666,0.6190476190476191,0.6666666666666666,0.5714285714285714,0.5238095238095238,0.47619047619047616,0.42857142857142855,0.5238095238095238,0.5238095238095238,0.47619047619047616,0.6666666666666666,0.6666666666666666,0.6190476190476191,0.6190476190476191,0.5714285714285714,0.47619047619047616,0.6190476190476191,0.5714285714285714,0.5714285714285714,0.6666666666666666,0.5714285714285714,0.7142857142857143,0.38095238095238093,0.6666666666666666,0.38095238095238093,0.5238095238095238,0.5238095238095238,0.47619047619047616,0.7142857142857143,0.5238095238095238,0.5714285714285714,0.38095238095238093,0.42857142857142855,0.7619047619047619,0.6190476190476191,0.6666666666666666,0.42857142857142855,0.5238095238095238,0.6190476190476191,0.42857142857142855,0.5714285714285714,0.6190476190476191,0.5238095238095238,0.6190476190476191,0.5238095238095238,0.47619047619047616
T,0.9565217391304348,0.9565217391304348,0.6086956521739131,0.5217391304347826,0.43478260869565216,0.5217391304347826,0.6086956521739131,0.43478260869565216,0.4782608695652174,0.5217391304347826,0.391304347826087,0.4782608695652174,0.4782608695652174,0.43478260869565216,0.4782608695652174,0.6521739130434783,0.391304347826087,0.9130434782608695,0.391304347826087,0.6956521739130435,0.9565217391304348,0.6521739130434783,0.43478260869565216,0.6521739130434783,0.5652173913043478,0.4782608695652174,0.5652173913043478,0.5217391304347826,0.43478260869565216,0.5652173913043478,0.7391304347826086,0.5652173913043478,0.391304347826087,0.4782608695652174,0.6956521739130435,0.4782608695652174,0.43478260869565216,0.6956521739130435,0.4782608695652174,0.6086956521739131,0.43478260869565216,0.391304347826087,0.4782608695652174,0.6086956521739131,0.4782608695652174,0.5217391304347826,0.4782608695652174,0.8695652173913043,0.4782608695652174,0.4782608695652174,0.391304347826087,0.8695652173913043,0.5217391304347826,0.5217391304347826,0.782608695652174,0.8695652173913043,0.5217391304347826,0.5217391304347826,0.6521739130434783,0.5652173913043478,0.5652173913043478,0.5217391304347826,0.5217391304347826,0.6086956521739131,0.43478260869565216,0.391304347826087,0.5652173913043478,0.5217391304347826,0.6086956521739131,0.8695652173913043,0.5217391304347826,0.5217391304347826,0.5652173913043478,0.5217391304347826,0.6086956521739131,0.6521739130434783,0.5652173913043478,0.8260869565217391,0.5217391304347826,0.6521739130434783,0.6956521739130435,0.5652173913043478,0.5652173913043478,0.5652173913043478,0.5652173913043478,0.6521739130434783,0.5217391304347826,0.4782608695652174,0.5217391304347826,0.4782608695652174,0.4782608695652174,0.5217391304347826,0.5217391304347826,0.5652173913043478,0.5652173913043478,0.5652173913043478,0.5652173913043478,0.5217391304347826,0.5217391304347826,0.5652173913043478,0.4782608695652174,0.4782608695652174,0.5217391304347826,0.43478260869565216,0.5652173913043478,0.782608695652174,0.5652173913043478,0.5652173913043478,0.5217391304347826,0.4782608695652174,0.43478260869565216,0.7391304347826086,0.6086956521739131,0.5217391304347826,0.4782608695652174,0.4782608695652174,0.391304347826087,0.6956521739130435,0.8260869565217391,0.6086956521739131,0.6086956521739131,0.5217391304347826,0.5217391304347826,0.43478260869565216,0.7391304347826086,0.782608695652174,0.6521739130434783,0.43478260869565216,0.5652173913043478,0.391304347826087,0.6086956521739131,0.6521739130434783,0.5217391304347826,0.4782608695652174,0.5652173913043478,0.6086956521739131,0.5217391304347826,0.5217391304347826,0.43478260869565216,0.6521739130434783,0.5652173913043478,0.391304347826087,0.5217391304347826,0.5217391304347826,0.4782608695652174,0.43478260869565216,0.8260869565217391,0.4782608695652174,0.43478260869565216,0.4782608695652174,0.4782608695652174,0.5217391304347826,0.5652173913043478,0.43478260869565216,0.5217391304347826,0.6086956521739131,0.5217391304347826,0.4782608695652174,0.4782608695652174,0.6956521739130435,0.5217391304347826,0.391304347826087,0.6086956521739131,0.5217391304347826,0.4782608695652174,0.391304347826087,0.4782608695652174,0.4782608695652174,0.5217391304347826,0.391304347826087,0.5652173913043478,0.5652173913043478,0.5217391304347826,0.5217391304347826,0.5652173913043478,0.5652173913043478,0.5652173913043478,0.4782608695652174,0.8695652173913043,0.6086956521739131,0.6086956521739131,0.5652173913043478,0.6086956521739131,0.7391304347826086,0.6086956521739131,0.5217391304347826,0.5652173913043478,0.5217391304347826,0.6956521739130435,0.43478260869565216,0.6086956521739131,0.6521739130434783,0.5217391304347826,0.6521739130434783,0.5652173913043478,0.5217391304347826,0.6521739130434783,0.6521739130434783,0.5652173913043478,0.6086956521739131,0.5652173913043478,0.6086956521739131,0.43478260869565216,0.6086956521739131,0.391304347826087,0.5652173913043478,0.5217391304347826,0.43478260869565216,0.9130434782608695,0.9565217391304348,0.6086956521739131,0.5217391304347826,0.6086956521739131,0.7391304347826086,0.7391304347826086,0.6956521739130435,0.6086956521739131,0.6956521739130435,0.6086956521739131,0.4782608695652174,0.6086956521739131,0.5652173913043478,0.5217391304347826,0.6521739130434783,0.4782608695652174,0.4782608695652174
W,0.25925925925925924,0.2962962962962963,0.2962962962962963,0.3333333333333333,0.48148148148148145,0.3333333333333333,0.3333333333333333,0.4444444444444444,0.2962962962962963,0.2962962962962963,0.3333333333333333,0.2962962962962963,0.3333333333333333,0.37037037037037035,0.3333333333333333,0.2962962962962963,0.25925925925925924,0.2962962962962963,0.2962962962962963,0.3333333333333333,0.2962962962962963,0.3333333333333333,0.2962962962962963,0.3333333333333333,0.37037037037037035,0.2962962962962963,0.3333333333333333,0.2962962962962963,0.2962962962962963,0.3333333333333333,0.2962962962962963,0.3333333333333333,0.25925925925925924,0.3333333333333333,0.3333333333333333,0.4444444444444444,0.3333333333333333,0.3333333333333333,0.25925925925925924,0.2962962962962963,0.2962962962962963,0.7777777777777778,0.3333333333333333,0.3333333333333333,0.3333333333333333,0.3333333333333333,0.2962962962962963,0.3333333333333333,0.3333333333333333,0.2962962962962963,0.25925925925925924,0.3333333333333333,0.3333333333333333,0.48148148148148145,0.3333333333333333,0.5185185185185185,0.4074074074074074,0.5925925925925926,0.37037037037037035,0.3333333333333333,0.4444444444444444,0.3333333333333333,0.5185185185185185,0.3333333333333333,0.37037037037037035,0.5555555555555556,0.37037037037037035,0.5555555555555556,0.4444444444444444,0.48148148148148145,0.3333333333333333,0.3333333333333333,0.37037037037037035,0.3333333333333333,0.3333333333333333,0.3333333333333333,0.5185185185185185,0.37037037037037035,0.3333333333333333,0.37037037037037035,0.48148148148148145,0.4074074074074074,0.4074074074074074,0.37037037037037035,0.37037037037037035,0.4074074074074074,0.37037037037037035,0.5185185185185185,0.37037037037037035,0.48148148148148145,0.6666666666666666,0.48148148148148145,0.4444444444444444,0.4074074074074074,0.5185185185185185,0.3333333333333333,0.4074074074074074,0.4074074074074074,0.37037037037037035,0.4074074074074074,0.37037037037037035,0.37037037037037035,0.7407407407407407,0.48148148148148145,0.4074074074074074,0.4444444444444444,0.3333333333333333,0.37037037037037035,0.4444444444444444,0.37037037037037035,0.5555555555555556,0.37037037037037035,0.3333333333333333,0.5185185185185185,0.37037037037037035,0.4444444444444444,0.2962962962962963,0.3333333333333333,0.37037037037037035,0.37037037037037035,0.37037037037037035,0.4074074074074074,0.3333333333333333,0.48148148148148145,0.4074074074074074,0.37037037037037035,0.37037037037037035,0.3333333333333333,0.2962962962962963,0.2962962962962963,0.3333333333333333,0.4074074074074074,0.37037037037037035,0.2962962962962963,0.4074074074074074,0.3333333333333333,0.37037037037037035,0.4074074074074074,0.2962962962962963,0.3333333333333333,0.37037037037037035,0.8518518518518519,0.3333333333333333,0.3333333333333333,0.3333333333333333,0.3333333333333333,0.3333333333333333,0.3333333333333333,0.2962962962962963,0.2962962962962963,0.2962962962962963,0.37037037037037035,0.4074074074074074,0.37037037037037035,0.3333333333333333,0.3333333333333333,0.48148148148148145,0.2962962962962963,0.2962962962962963,0.4074074074074074,0.3333333333333333,0.2962962962962963,0.2962962962962963,0.6666666666666666,0.6296296296296297,0.2222222222222222,0.37037037037037035,0.37037037037037035,0.2962962962962963,0.4444444444444444,0.3333333333333333,0.2962962962962963,0.3333333333333333,0.37037037037037035,0.37037037037037035,0.3333333333333333,0.3333333333333333,0.3333333333333333,0.3333333333333333,0.4074074074074074,0.37037037037037035,0.4444444444444444,0.4444444444444444,0.37037037037037035,0.3333333333333333,0.5925925925925926,0.4074074074074074,0.37037037037037035,0.3333333333333333,0.5555555555555556,0.4444444444444444,0.37037037037037035,0.2962962962962963,0.3333333333333333,0.4074074074074074,0.4444444444444444,0.37037037037037035,0.4074074074074074,0.3333333333333333,0.37037037037037035,0.37037037037037035,0.5555555555555556,0.4444444444444444,0.3333333333333333,0.5185185185185185,0.2962962962962963,0.2962962962962963,0.2962962962962963,0.3333333333333333,0.2962962962962963,0.3333333333333333,0.6296296296296297,0.3333333333333333,0.3333333333333333,0.2962962962962963,0.3333333333333333,0.3333333333333333,0.5185185185185185,0.2962962962962963,0.4074074074074074,0.4074074074074074,0.3333333333333333,0.3333333333333333,0.3333333333333333,0.2962962962962963,0.2962962962962963
Y,0.2727272727272727,0.3181818181818182,0.3181818181818182,0.36363636363636365,0.2727272727272727,0.36363636363636365,0.4090909090909091,0.8181818181818182,0.3181818181818182,0.36363636363636365,0.4090909090909091,0.36363636363636365,0.36363636363636365,0.4090909090909091,0.3181818181818182,0.3181818181818182,0.2727272727272727,0.3181818181818182,0.3181818181818182,0.3181818181818182,0.3181818181818182,0.36363636363636365,0.2727272727272727,0.5,0.7272727272727273,0.36363636363636365,0.36363636363636365,0.45454545454545453,0.3181818181818182,0.45454545454545453,0.2727272727272727,0.4090909090909091,0.2727272727272727,0.36363636363636365,0.6818181818181818,0.8181818181818182,0.4090909090909091,0.45454545454545453,0.2727272727272727,0.5,0.3181818181818182,0.9545454545454546,0.3181818181818182,0.36363636363636365,0.3181818181818182,0.3181818181818182,0.2727272727272727,0.5454545454545454,0.36363636363636365,0.3181818181818182,0.2727272727272727,0.3181818181818182,0.4090909090909091,0.5,0.36363636363636365,0.3181818181818182,0.36363636363636365,0.5909090909090909,0.4090909090909091,0.45454545454545453,0.7272727272727273,0.6363636363636364,0.36363636363636365,0.4090909090909091,0.45454545454545453,0.7272727272727273,0.5,0.5909090909090909,0.5,0.5909090909090909,0.4090909090909091,0.36363636363636365,0.4090909090909091,0.3181818181818182,0.45454545454545453,0.36363636363636365,0.45454545454545453,0.45454545454545453,0.36363636363636365,0.4090909090909091,0.4090909090909091,0.45454545454545453,0.45454545454545453,0.4090909090909091,0.45454545454545453,0.6363636363636364,0.4090909090909091,0.8636363636363636,0.5,0.8636363636363636,0.45454545454545453,0.5909090909090909,0.7272727272727273,0.5454545454545454,0.5,0.36363636363636365,0.5909090909090909,0.5,0.4090909090909091,0.45454545454545453,0.36363636363636365,0.36363636363636365,0.5909090909090909,0.5,0.5,0.45454545454545453,0.3181818181818182,0.5454545454545454,0.5909090909090909,0.4090909090909091,0.9090909090909091,0.5909090909090909,0.36363636363636365,0.7272727272727273,0.36363636363636365,0.5909090909090909,0.22727272727272727,0.5,0.5454545454545454,0.5,0.45454545454545453,0.45454545454545453,0.45454545454545453,0.9090909090909091,0.45454545454545453,0.36363636363636365,0.36363636363636365,0.3181818181818182,0.3181818181818182,0.2727272727272727,0.4090909090909091,0.5909090909090909,0.7272727272727273,0.3181818181818182,0.7727272727272727,0.36363636363636365,0.6818181818181818,0.45454545454545453,0.3181818181818182,0.36363636363636365,0.45454545454545453,0.8181818181818182,0.36363636363636365,0.36363636363636365,0.4090909090909091,0.36363636363636365,0.36363636363636365,0.36363636363636365,0.3181818181818182,0.36363636363636365,0.3181818181818182,0.5454545454545454,0.36363636363636365,0.4090909090909091,0.36363636363636365,0.4090909090909091,0.36363636363636365,0.3181818181818182,0.36363636363636365,0.45454545454545453,0.5454545454545454,0.2727272727272727,0.4090909090909091,0.5909090909090909,0.4090909090909091,0.22727272727272727,0.36363636363636365,0.6818181818181818,0.3181818181818182,0.2727272727272727,0.3181818181818182,0.36363636363636365,0.5,0.36363636363636365,0.5,0.36363636363636365,0.36363636363636365,0.36363636363636365,0.4090909090909091,0.45454545454545453,0.4090909090909091,0.5454545454545454,0.5454545454545454,0.4090909090909091,0.36363636363636365,0.8181818181818182,0.5454545454545454,0.5,0.36363636363636365,0.9090909090909091,0.45454545454545453,0.5,0.36363636363636365,0.36363636363636365,0.5909090909090909,0.36363636363636365,0.5,0.6818181818181818,0.36363636363636365,0.45454545454545453,0.4090909090909091,0.45454545454545453,0.9545454545454546,0.4090909090909091,0.8181818181818182,0.3181818181818182,0.3181818181818182,0.2727272727272727,0.5,0.2727272727272727,0.36363636363636365,0.5,0.36363636363636365,0.4090909090909091,0.3181818181818182,0.4090909090909091,0.4090909090909091,0.5909090909090909,0.36363636363636365,0.5909090909090909,0.5454545454545454,0.36363636363636365,0.4090909090909091,0.4090909090909091,0.3181818181818182,0.3181818181818182
V,0.4782608695652174,0.4782608695652174,0.6956521739130435,0.8695652173913043,0.391304347826087,0.8260869565217391,0.8260869565217391,0.5217391304347826,0.43478260869565216,0.43478260869565216,0.43478260869565216,0.9565217391304348,0.9130434782608695,0.6521739130434783,0.43478260869565216,0.5217391304347826,0.34782608695652173,0.4782608695652174,0.391304347826087,0.5217391304347826,0.5652173913043478,0.5652173913043478,0.5217391304347826,0.5217391304347826,0.782608695652174,0.9565217391304348,0.6086956521739131,0.4782608695652174,0.43478260869565216,0.7391304347826086,0.5217391304347826,0.5217391304347826,0.391304347826087,0.6956521739130435,0.4782608695652174,0.4782608695652174,0.7391304347826086,0.5217391304347826,0.391304347826087,0.43478260869565216,0.6521739130434783,0.4782608695652174,0.6086956521739131,0.4782608695652174,0.4782608695652174,0.4782608695652174,0.391304347826087,0.6956521739130435,0.6521739130434783,0.4782608695652174,0.391304347826087,0.5217391304347826,0.4782608695652174,0.5652173913043478,0.8260869565217391,0.6521739130434783,0.4782608695652174,0.6086956521739131,0.8260869565217391,0.4782608695652174,0.5652173913043478,0.43478260869565216,0.6521739130434783,0.5217391304347826,0.6086956521739131,0.5217391304347826,0.4782608695652174,0.6521739130434783,0.5217391304347826,0.5652173913043478,0.43478260869565216,0.5217391304347826,0.6086956521739131,0.7391304347826086,0.5652173913043478,0.9565217391304348,0.782608695652174,0.6086956521739131,0.7391304347826086,0.6956521739130435,0.5217391304347826,0.6956521739130435,0.6956521739130435,0.5652173913043478,0.4782608695652174,0.6086956521739131,0.6521739130434783,0.5217391304347826,0.5652173913043478,0.5217391304347826,0.4782608695652174,0.4782608695652174,0.5652173913043478,0.7391304347826086,0.5652173913043478,0.6956521739130435,0.5217391304347826,0.6956521739130435,0.8260869565217391,0.782608695652174,0.6086956521739131,0.4782608695652174,0.8695652173913043,0.43478260869565216,0.6956521739130435,0.6086956521739131,0.4782608695652174,0.6086956521739131,0.5217391304347826,0.782608695652174,0.5217391304347826,0.5652173913043478,0.8695652173913043,0.4782608695652174,0.5217391304347826,0.43478260869565216,0.34782608695652173,0.4782608695652174,0.6956521739130435,0.6086956521739131,0.6086956521739131,0.6521739130434783,0.4782608695652174,0.5217391304347826,0.782608695652174,0.5652173913043478,0.6086956521739131,0.4782608695652174,0.43478260869565216,0.391304347826087,0.43478260869565216,0.6956521739130435,0.5652173913043478,0.5652173913043478,0.6086956521739131,0.5652173913043478,0.8695652173913043,0.6956521739130435,0.391304347826087,0.5217391304347826,0.5217391304347826,0.5217391304347826,0.4782608695652174,0.5217391304347826,0.4782608695652174,0.6086956521739131,0.5217391304347826,0.6521739130434783,0.391304347826087,0.43478260869565216,0.5217391304347826,0.7391304347826086,0.4782608695652174,0.6086956521739131,0.9130434782608695,0.6956521739130435,0.4782608695652174,0.4782608695652174,0.782608695652174,0.6086956521739131,0.5652173913043478,0.391304347826087,0.7391304347826086,0.5652173913043478,0.43478260869565216,0.34782608695652173,0.5652173913043478,0.4782608695652174,0.43478260869565216,0.34782608695652173,0.43478260869565216,0.7391304347826086,0.9130434782608695,0.391304347826087,0.782608695652174,0.7391304347826086,0.9130434782608695,0.6521739130434783,0.5217391304347826,0.5652173913043478,0.4782608695652174,0.5652173913043478,0.6086956521739131,0.782608695652174,0.5217391304347826,0.6521739130434783,0.6521739130434783,0.5217391304347826,0.43478260869565216,0.6086956521739131,0.6086956521739131,0.7391304347826086,0.6086956521739131,0.5217391304347826,0.6956521739130435,0.5217391304347826,0.6956521739130435,0.6521739130434783,0.4782608695652174,0.5652173913043478,0.5652173913043478,0.5652173913043478,0.5652173913043478,0.6086956521739131,0.5217391304347826,0.5217391304347826,0.5217391304347826,0.391304347826087,0.5652173913043478,0.6086956521739131,0.6086956521739131,0.9130434782608695,0.6086956521739131,0.5217391304347826,0.4782608695652174,0.5652173913043478,0.9130434782608695,0.6956521739130435,0.43478260869565216,0.6956521739130435,0.7391304347826086,0.6956521739130435,0.8260869565217391,0.782608695652174,0.4782608695652174,0.43478260869565216
